Sample Name	Marker	Allele#1	Height#1	Allele#2	Height#2	Allele#3	Height#3	Allele#4	Height#4	Allele#5	Height#5	Allele#6	Height#6	Allele#7	Height#7	Allele#8	Height#8
1L_10614_3A2	AMEL	X	10614														
1L_10614_3A2	D3S1358	14	9881	17	732	18	5175	19	8158								
1L_10614_3A2	D1S1656	13	6304	15	10896	16	3805										
1L_10614_3A2	D2S441	11.3	4567	13	1948	14	10132										
1L_10614_3A2	D10S1248	13	3265	14	7116	15	2584	16	3202								
1L_10614_3A2	D13S317	8	2126	12	2355	13	5384	14	4279								
1L_10614_3A2	Penta E	7	5294	10	3496	12	2345	13	3935								
1L_10614_3A2	D16S539	10	13031	11	8516	12	3895										
1L_10614_3A2	D18S51	14	15978	15	5034	18	4630										
1L_10614_3A2	D2S1338	18	4278	23	3957	24	7996										
1L_10614_3A2	CSF1PO	9	1704	10	5304	11	3422	12	4570								
1L_10614_3A2	Penta D	9	5147	10	2897	12	6941										
1L_10614_3A2	TH01	6	4257	9.3	10314												
1L_10614_3A2	vWA	16	4071	17	3850	18	4323										
1L_10614_3A2	D21S11	29	2438	30	1283	30.2	3613	31	9752								
1L_10614_3A2	D7S820	10	7495	11	3617												
1L_10614_3A2	D5S818	10	4618	11	5825	12	2306										
1L_10614_3A2	TPOX	8	1825	11	6238												
1L_10614_3A2	D8S1179	12	4338	13	9207												
1L_10614_3A2	D12S391	16	4179	18	3324	21	7288	22	6428								
1L_10614_3A2	D19S433	13	7250	13.2	4138	14	254	15	1844								
1L_10614_3A2	SE33	19	1652	21	2134	30.2	5956										
1L_10614_3A2	D22S1045	11	3469	15	3562	16	2725										
1L_10614_3A2	DYS391	10	14702														
1L_10614_3A2	FGA	19	11831	22	10100												
1L_10614_3A2	DYS576	16	6355	17	3398												
1L_10614_3A2	DYS570	17	4439	20	1502												
2L_09599_3A2	AMEL	X	9599	Y	7884												
2L_09599_3A2	D3S1358	14	9059	18	1992	19	4473										
2L_09599_3A2	D1S1656	13	5094	15	6940	16	2881										
2L_09599_3A2	D2S441	11.3	3762	13	1673	14	6941										
2L_09599_3A2	D10S1248	13	2724	14	4414	15	1786	16	3717								
2L_09599_3A2	D13S317	8	861	12	2022	13	3511	14	3146								
2L_09599_3A2	Penta E	7	2638	10	1311	12	1028	13	3335								
2L_09599_3A2	D16S539	10	8260	11	5055	12	2416										
2L_09599_3A2	D18S51	14	10841	15	3498	18	2357										
2L_09599_3A2	D2S1338	18	3025	23	5884	24	6684										
2L_09599_3A2	CSF1PO	9	1426	10	3312	11	2873	12	2501								
2L_09599_3A2	Penta D	9	3826	10	1406	12	4995										
2L_09599_3A2	TH01	6	4473	9.3	7286												
2L_09599_3A2	vWA	16	4162	17	4380	18	3952										
2L_09599_3A2	D21S11	28	222	29	1660	30.2	1678	31	8742								
2L_09599_3A2	D7S820	10	7458	11	3597												
2L_09599_3A2	D5S818	10	3905	11	5634	12	1170										
2L_09599_3A2	TPOX	8	620	11	6553												
2L_09599_3A2	D8S1179	12	3720	13	6462	14	267										
2L_09599_3A2	D12S391	16	3039	18	3704	21	4930	22	6178								
2L_09599_3A2	D19S433	13	5027	13.2	3620	15	2515										
2L_09599_3A2	SE33	19	881	21	1322	30.2	3415										
2L_09599_3A2	D22S1045	11	1642	15	2318	16	1859										
2L_09599_3A2	DYS391	10	9902														
2L_09599_3A2	FGA	19	11060	22	11000												
2L_09599_3A2	DYS576	16	3887	17	1159												
2L_09599_3A2	DYS570	17	1933	19	193	20	898										
3L_11661_3A2	AMEL	X	11661	Y	16325												
3L_11661_3A2	D3S1358	14	12312	18	6121	19	6991										
3L_11661_3A2	D1S1656	13	7971	15	9826	16	4094										
3L_11661_3A2	D2S441	11.3	6706	13	3417	14	6930										
3L_11661_3A2	D10S1248	13	4899	14	6389	15	3183	16	5972								
3L_11661_3A2	D13S317	8	3348	12	4219	13	6173	14	5223								
3L_11661_3A2	Penta E	7	4821	10	2957	12	1857	13	3880								
3L_11661_3A2	D16S539	10	14116	11	10748	12	7418										
3L_11661_3A2	D18S51	14	16993	15	4043	18	4979										
3L_11661_3A2	D2S1338	18	5743	23	6378	24	8890										
3L_11661_3A2	CSF1PO	9	3461	10	6029	11	2627	12	4255								
3L_11661_3A2	Penta D	9	4773	10	1752	12	7237										
3L_11661_3A2	TH01	6	6135	9.3	9994												
3L_11661_3A2	vWA	16	5135	17	4786	18	3914										
3L_11661_3A2	D21S11	29	2395	30	1521	30.2	2837	31	11167								
3L_11661_3A2	D7S820	10	9221	11	2942												
3L_11661_3A2	D5S818	10	4839	11	5567	12	2128										
3L_11661_3A2	TPOX	8	1394	10	411	11	6174										
3L_11661_3A2	D8S1179	12	4390	13	9044												
3L_11661_3A2	D12S391	16	3028	18	4590	21	6447	22	6062								
3L_11661_3A2	D19S433	13	7216	13.2	4218	15	2153										
3L_11661_3A2	SE33	19	1653	20	276	21	1548	30.2	5746								
3L_11661_3A2	D22S1045	11	2530	15	3135	16	2556										
3L_11661_3A2	DYS391	10	14657														
3L_11661_3A2	FGA	19	14034	22	13338												
3L_11661_3A2	DYS576	16	5167	17	2574												
3L_11661_3A2	DYS570	17	3164	20	3910												
1L_12215_3A3	AMEL	X	12215	Y	16836												
1L_12215_3A3	D3S1358	14	12302	16	5304	18	3841	19	6575								
1L_12215_3A3	D1S1656	13	4038	15	12521	16	5043										
1L_12215_3A3	D2S441	11.3	5432	12	2031	13	5254	14	7386								
1L_12215_3A3	D10S1248	13	3812	14	7234	15	3856	16	5191								
1L_12215_3A3	D13S317	8	2116	9	1387	12	3344	13	8429	14	5305						
1L_12215_3A3	Penta E	7	5493	10	2743	11	1459	12	4351	13	3924						
1L_12215_3A3	D16S539	10	9663	11	7737	12	6547	13	2536								
1L_12215_3A3	D18S51	10	3165	14	13763	15	4051	16	2685	18	3545						
1L_12215_3A3	D2S1338	17	1927	18	2427	20	2317	23	4890	24	8838						
1L_12215_3A3	CSF1PO	9	3043	10	4101	11	4934	12	5724								
1L_12215_3A3	Penta D	9	4210	10	3729	12	9943										
1L_12215_3A3	TH01	6	3563	7	1830	9.3	10191										
1L_12215_3A3	vWA	14	3475	16	4163	17	4706	18	4335								
1L_12215_3A3	D21S11	29	2383	30	2947	30.2	2463	31	9362	31.2	1291						
1L_12215_3A3	D7S820	10	7160	11	4787	12	152	13	1110								
1L_12215_3A3	D5S818	10	4980	11	10268	12	2164										
1L_12215_3A3	TPOX	8	1535	11	7434												
1L_12215_3A3	D8S1179	10	1626	12	6675	13	8266										
1L_12215_3A3	D12S391	16	2465	18	6776	21	7569	22	6780								
1L_12215_3A3	D19S433	13	7115	13.2	5318	14	1847	15	2266	15.2	1049						
1L_12215_3A3	SE33	19	1250	21	1808	29.2	2696	30.2	6623								
1L_12215_3A3	D22S1045	11	2083	15	4128	16	2175	17	723								
1L_12215_3A3	DYS391	10	13634														
1L_12215_3A3	FGA	18	3569	19	10531	22	12683										
1L_12215_3A3	DYS576	16	9657	17	1886												
1L_12215_3A3	DYS570	17	2980	18	994	20	2267										
2L_16812_3A3	AMEL	X	16812														
2L_16812_3A3	D3S1358	14	15017	16	6544	18	5889	19	9804								
2L_16812_3A3	D1S1656	13	7229	15	14709	16	5562										
2L_16812_3A3	D2S441	11	223	11.3	5505	12	2386	13	5784	14	9877						
2L_16812_3A3	D10S1248	13	3959	14	11022	15	7822	16	4437								
2L_16812_3A3	D13S317	8	3368	9	2941	12	4150	13	9800	14	6675						
2L_16812_3A3	Penta E	7	6878	10	4678	11	2632	12	3710	13	4228						
2L_16812_3A3	D16S539	10	16706	11	9142	12	8885	13	3280								
2L_16812_3A3	D18S51	10	3368	14	17230	15	3289	16	4021	17	491	18	3361				
2L_16812_3A3	D2S1338	17	2765	18	3181	20	1987	23	6036	24	9458						
2L_16812_3A3	CSF1PO	9	2876	10	5447	11	3951	12	7150								
2L_16812_3A3	Penta D	9	4440	10	2245	12	12038										
2L_16812_3A3	TH01	6	5719	7	2832	9.3	13226										
2L_16812_3A3	vWA	14	4539	16	7694	17	4487	18	4037								
2L_16812_3A3	D21S11	29	4072	30	3328	30.2	2452	31	9599	31.2	2197						
2L_16812_3A3	D7S820	10	9231	11	7143	12	239	13	1494								
2L_16812_3A3	D5S818	10	5805	11	10718	12	2007										
2L_16812_3A3	TPOX	8	1068	11	10956												
2L_16812_3A3	D8S1179	10	1572	12	6928	13	10853										
2L_16812_3A3	D12S391	16	4890	18	6326	21	9568	22	9783								
2L_16812_3A3	D19S433	13	8432	13.2	5178	14	2381	15	4381	15.2	1378						
2L_16812_3A3	SE33	19	1993	21	2576	29.2	2452	30.2	7885								
2L_16812_3A3	D22S1045	11	2993	15	6287	16	2879	17	1420								
2L_16812_3A3	DYS391	10	20131														
2L_16812_3A3	FGA	18	4696	19	12693	22	14327										
2L_16812_3A3	DYS576	16	9323	17	3026												
2L_16812_3A3	DYS570	17	3497	18	1943	20	1855										
3L_16029_3A3	AMEL	X	16029														
3L_16029_3A3	D3S1358	14	14202	16	6076	18	4668	19	6493								
3L_16029_3A3	D1S1656	13	5397	15	13990	16	7542										
3L_16029_3A3	D2S441	11.3	5209	12	2306	13	5360	14	7874								
3L_16029_3A3	D10S1248	13	4710	14	10214	15	5847	16	5724								
3L_16029_3A3	D13S317	8	5264	9	2786	12	4106	13	6913	14	5860						
3L_16029_3A3	Penta E	7	5804	10	1818	11	2368	12	4686	13	5688						
3L_16029_3A3	D16S539	10	11899	11	11012	12	11152	13	3868								
3L_16029_3A3	D18S51	10	2492	14	17076	15	3459	16	3316	17	565	18	3702				
3L_16029_3A3	D2S1338	17	3310	18	4660	20	1539	23	6126	24	9527						
3L_16029_3A3	CSF1PO	9	3401	10	4423	11	6399	12	6504								
3L_16029_3A3	Penta D	9	4270	10	2632	12	11990										
3L_16029_3A3	TH01	6	4967	7	2377	9.3	9218										
3L_16029_3A3	vWA	14	2868	16	3737	17	3643	18	3757								
3L_16029_3A3	D21S11	29	3219	30	3158	30.2	2670	31	7920	31.2	2129						
3L_16029_3A3	D7S820	10	8092	11	5721	12	176	13	1418								
3L_16029_3A3	D5S818	10	4171	11	8483	12	1929										
3L_16029_3A3	TPOX	8	960	11	7816												
3L_16029_3A3	D8S1179	10	1395	12	5675	13	8156										
3L_16029_3A3	D12S391	16	3367	18	5271	21	5897	22	7292								
3L_16029_3A3	D19S433	13	5682	13.2	4667	14	2137	15	1424	15.2	1039						
3L_16029_3A3	SE33	18	266	19	1477	21	1984	29.2	2125	30.2	5287						
3L_16029_3A3	D22S1045	11	2175	15	4633	16	1709	17	1218								
3L_16029_3A3	DYS391	10	15876														
3L_16029_3A3	FGA	18	4194	19	9316	22	14832										
3L_16029_3A3	DYS576	16	7970	17	2590												
3L_16029_3A3	DYS570	15	115	17	4388	18	1112	20	2528								
1L_18605_3A4	AMEL	X	18605														
1L_18605_3A4	D3S1358	14	12044	16	11491	18	5454	19	5871								
1L_18605_3A4	D1S1656	13	7869	15	15464	16	8706										
1L_18605_3A4	D2S441	11	394	11.3	6039	12	4013	13	6878	14	7810						
1L_18605_3A4	D10S1248	13	1994	14	11940	15	8347	16	6945								
1L_18605_3A4	D13S317	8	3077	9	6396	12	3549	13	10084	14	5232						
1L_18605_3A4	Penta E	7	4676	10	1993	11	3505	12	5806	13	4137						
1L_18605_3A4	D16S539	10	14937	11	10806	12	10679	13	5438								
1L_18605_3A4	D18S51	10	7303	14	16530	15	4871	16	5729	18	2877						
1L_18605_3A4	D2S1338	17	3619	18	2584	20	3904	23	6316	24	7458						
1L_18605_3A4	CSF1PO	9	1845	10	3757	11	6113	12	9670								
1L_18605_3A4	Penta D	9	4656	10	2106	12	18108										
1L_18605_3A4	TH01	6	4119	7	3455	9.3	13282										
1L_18605_3A4	vWA	14	6809	16	5469	17	5158	18	4337								
1L_18605_3A4	D21S11	29	3204	30	5181	30.2	3852	31	9387	31.2	5181						
1L_18605_3A4	D7S820	10	7411	11	6468	13	3338										
1L_18605_3A4	D5S818	10	5728	11	13433	12	2502										
1L_18605_3A4	TPOX	8	1193	11	11682												
1L_18605_3A4	D8S1179	10	3946	12	8959	13	8291										
1L_18605_3A4	D12S391	16	3923	18	9124	21	8580	22	8613								
1L_18605_3A4	D19S433	13	6734	13.2	5045	14	3944	15	2613	15.2	3388						
1L_18605_3A4	SE33	19	2502	20.2	229	21	2658	29.2	4514	30.2	8324						
1L_18605_3A4	D22S1045	11	2891	15	4310	16	3210	17	2417								
1L_18605_3A4	DYS391	10	20288														
1L_18605_3A4	FGA	18	7589	19	10541	22	16499										
1L_18605_3A4	DYS576	16	9762	17	2744												
1L_18605_3A4	DYS570	17	2963	18	2865	20	1878										
2L_21607_3A4	AMEL	X	21607														
2L_21607_3A4	D3S1358	14	10875	16	13125	18	3266	19	6219								
2L_21607_3A4	D1S1656	13	6322	15	14309	16	9593										
2L_21607_3A4	D2S441	11.3	5359	12	4072	13	5930	14	6595								
2L_21607_3A4	D10S1248	13	2678	14	11960	15	7385	16	7045								
2L_21607_3A4	D13S317	8	2527	9	4365	12	2912	13	11417	14	5847						
2L_21607_3A4	Penta E	7	5180	10	3277	11	3159	12	7164	13	4306						
2L_21607_3A4	D16S539	10	16962	11	10205	12	12364	13	5909								
2L_21607_3A4	D18S51	10	7200	14	13196	15	4290	16	7002	17	513	18	3452				
2L_21607_3A4	D2S1338	17	5597	18	3547	20	3208	23	5640	24	8844						
2L_21607_3A4	CSF1PO	9	1108	10	3573	11	3566	12	7941								
2L_21607_3A4	Penta D	9	4391	10	1685	12	14886										
2L_21607_3A4	TH01	6	4674	7	3621	9.3	11744										
2L_21607_3A4	vWA	14	6642	16	5207	17	5110	18	3899								
2L_21607_3A4	D21S11	29	1589	30	5009	30.2	3790	31	9379	31.2	4016						
2L_21607_3A4	D7S820	10	6854	11	7678	12	347	13	2828								
2L_21607_3A4	D5S818	10	4778	11	12018	12	1276										
2L_21607_3A4	TPOX	8	1673	11	10524												
2L_21607_3A4	D8S1179	10	3728	12	7166	13	9395										
2L_21607_3A4	D12S391	16	4243	18	8424	21	5916	22	8996								
2L_21607_3A4	D19S433	13	6253	13.2	3629	14	3447	15	2053	15.2	3395						
2L_21607_3A4	SE33	19	1475	21	1853	22	169	29.2	3684	30.2	7759						
2L_21607_3A4	D22S1045	11	2436	15	3757	16	2637	17	2143								
2L_21607_3A4	DYS391	10	19651														
2L_21607_3A4	FGA	18	6846	19	9542	22	15177										
2L_21607_3A4	DYS576	16	8718	17	2681												
2L_21607_3A4	DYS570	17	3247	18	4037	20	2033										
3L_15253_3A4	AMEL	X	15253														
3L_15253_3A4	D3S1358	14	9943	16	9896	18	4064	19	5389								
3L_15253_3A4	D1S1656	13	5053	15	11151	16	7311										
3L_15253_3A4	D2S441	11.3	6473	12	4478	13	6976	14	7673								
3L_15253_3A4	D10S1248	13	3878	14	9236	15	7551	16	3981								
3L_15253_3A4	D13S317	8	3412	9	5054	12	2426	13	8846	14	5026						
3L_15253_3A4	Penta E	7	3920	10	2190	11	4108	12	5051	13	4143						
3L_15253_3A4	D16S539	10	11561	11	8611	12	11030	13	5711								
3L_15253_3A4	D18S51	10	6217	14	11647	15	3548	16	4075	18	2924						
3L_15253_3A4	D2S1338	17	3944	18	2582	20	2937	23	4152	24	5016						
3L_15253_3A4	CSF1PO	9	2017	10	4101	11	5098	12	6900								
3L_15253_3A4	Penta D	9	4062	10	1718	12	11539										
3L_15253_3A4	TH01	6	5035	7	4223	9.3	12104										
3L_15253_3A4	vWA	14	6536	16	3700	17	4903	18	3899								
3L_15253_3A4	D21S11	29	3598	30	5218	30.2	1570	31	8136	31.2	3130						
3L_15253_3A4	D7S820	10	6687	11	6784	13	2053										
3L_15253_3A4	D5S818	10	5424	11	9659	12	1514										
3L_15253_3A4	TPOX	8	1674	11	11246												
3L_15253_3A4	D8S1179	10	2985	12	6386	13	7403										
3L_15253_3A4	D12S391	16	3090	18	5913	21	6273	22	8113								
3L_15253_3A4	D19S433	13	5463	13.2	3640	14	2454	15	1824	15.2	2867						
3L_15253_3A4	SE33	19	1450	21	737	29.2	3936	30.2	7460								
3L_15253_3A4	D22S1045	11	2659	15	4346	16	2671	17	1907								
3L_15253_3A4	DYS391	10	13212														
3L_15253_3A4	FGA	18	5600	19	9669	22	15351										
3L_15253_3A4	DYS576	16	6985	17	1951												
3L_15253_3A4	DYS570	17	2846	18	2739	20	1519										
1L_18529_3A5	AMEL	X	18529	Y	18436												
1L_18529_3A5	D3S1358	14	11640	15	4363	16	12972	18	4652	19	6610						
1L_18529_3A5	D1S1656	12	4661	13	10242	15	15746	16	8168								
1L_18529_3A5	D2S441	11	2395	11.3	4738	12	4228	13	7214	14	9276						
1L_18529_3A5	D10S1248	13	6021	14	12395	15	7017	16	5214								
1L_18529_3A5	D13S317	8	3794	9	4373	10	1780	12	3615	13	9550	14	5828				
1L_18529_3A5	Penta E	7	4700	10	2582	11	5026	12	6320	13	4232						
1L_18529_3A5	D16S539	10	19328	11	10759	12	11827	13	8966								
1L_18529_3A5	D18S51	10	6554	14	18139	15	4686	16	6760	18	6644						
1L_18529_3A5	D2S1338	17	8282	18	3640	19	2333	20	3220	23	5134	24	8141				
1L_18529_3A5	CSF1PO	9	2523	10	6480	11	6701	12	7451								
1L_18529_3A5	Penta D	7	299	9	4650	10	6185	12	14609								
1L_18529_3A5	TH01	6	7211	7	4565	9.3	13597										
1L_18529_3A5	vWA	14	6419	16	5480	17	7985	18	4768								
1L_18529_3A5	D21S11	29	3411	30	8141	30.2	2211	31	9772	31.2	3396						
1L_18529_3A5	D7S820	8	1249	10	9363	11	8445	12	348	13	3397						
1L_18529_3A5	D5S818	10	4270	11	13526	12	2997	13	1034								
1L_18529_3A5	TPOX	8	1383	11	12769												
1L_18529_3A5	D8S1179	10	3534	12	8900	13	8578	14	1280								
1L_18529_3A5	D12S391	16	3530	18	13535	21	7118	22	11110								
1L_18529_3A5	D19S433	13	8214	13.2	4643	14	4405	15	2750	15.2	3104						
1L_18529_3A5	SE33	19	2401	21	1969	28.2	1269	29.2	3511	30.2	7530						
1L_18529_3A5	D22S1045	11	2169	15	4671	16	4958	17	2021								
1L_18529_3A5	DYS391	10	20085	11	2121												
1L_18529_3A5	FGA	18	9819	19	11767	20	2376	21	4927	22	20306						
1L_18529_3A5	DYS576	16	10473	17	3943												
1L_18529_3A5	DYS570	17	3059	18	3279	20	3068										
2L_21377_3A5	AMEL	X	21377	Y	19339												
2L_21377_3A5	D3S1358	14	11270	15	4042	16	14253	17	594	18	4384	19	7945				
2L_21377_3A5	D1S1656	12	3244	13	8819	15	17460	16	10481								
2L_21377_3A5	D2S441	11	2706	11.3	4078	12	5362	13	6199	14	9611						
2L_21377_3A5	D10S1248	13	7040	14	13352	15	8727	16	5903								
2L_21377_3A5	D13S317	8	4515	9	5123	10	1441	12	2606	13	9811	14	5166				
2L_21377_3A5	Penta E	7	6977	10	3219	11	4933	12	6327	13	3464						
2L_21377_3A5	D16S539	10	15065	11	11295	12	11749	13	9208								
2L_21377_3A5	D18S51	10	7808	14	17130	15	4334	16	7035	18	5339						
2L_21377_3A5	D2S1338	17	7624	18	2900	19	2106	20	3922	23	5090	24	6401				
2L_21377_3A5	CSF1PO	9	2143	10	5427	11	8882	12	8075								
2L_21377_3A5	Penta D	9	5324	10	7227	12	14410										
2L_21377_3A5	TH01	6	6566	7	3813	9.3	14298										
2L_21377_3A5	vWA	14	7662	16	4864	17	7042	18	3917								
2L_21377_3A5	D21S11	29	3189	30	9491	30.2	1852	31	8956	31.2	4866						
2L_21377_3A5	D7S820	8	1202	10	9205	11	8523	13	3441								
2L_21377_3A5	D5S818	10	5010	11	12813	12	3027	13	1466								
2L_21377_3A5	TPOX	8	2978	11	12112												
2L_21377_3A5	D8S1179	10	2369	12	8638	13	8767	14	1322								
2L_21377_3A5	D12S391	16	3307	18	13390	21	6987	22	10300								
2L_21377_3A5	D19S433	13	6719	13.2	4740	14	5215	15	3781	15.2	3137						
2L_21377_3A5	SE33	19	2466	21	1238	28.2	1527	29.2	4458	30.2	6961						
2L_21377_3A5	D22S1045	11	2475	15	4158	16	3340	17	1834								
2L_21377_3A5	DYS391	10	17051	11	2469												
2L_21377_3A5	FGA	18	7130	19	12160	20	2632	21	2755	22	16396						
2L_21377_3A5	DYS576	16	10038	17	3940												
2L_21377_3A5	DYS570	17	4375	18	2402	20	2197										
3L_14920_3A5	AMEL	X	14920	Y	13705												
3L_14920_3A5	D3S1358	14	7028	15	2689	16	8579	18	2329	19	3752						
3L_14920_3A5	D1S1656	12	1583	13	4260	15	6728	16	4820								
3L_14920_3A5	D2S441	11	1361	11.3	2906	12	2593	13	3592	14	4902						
3L_14920_3A5	D10S1248	13	3296	14	7046	15	4853	16	2553								
3L_14920_3A5	D13S317	8	3281	9	2425	10	1537	12	1829	13	6643	14	3069				
3L_14920_3A5	Penta E	7	3218	10	2398	11	2535	12	4503	13	2381						
3L_14920_3A5	D16S539	10	7200	11	4244	12	5332	13	4339								
3L_14920_3A5	D18S51	10	3560	14	8979	15	2645	16	3284	18	3836						
3L_14920_3A5	D2S1338	17	2381	18	1438	19	1009	20	2389	23	2358	24	3914				
3L_14920_3A5	CSF1PO	9	1066	10	3215	11	4373	12	3676								
3L_14920_3A5	Penta D	9	2656	10	2616	12	6765										
3L_14920_3A5	TH01	6	3657	7	2449	9.3	10675										
3L_14920_3A5	vWA	14	5794	16	3787	17	5653	18	3099								
3L_14920_3A5	D21S11	29	1945	30	5543	30.2	2069	31	6200	31.2	3042						
3L_14920_3A5	D7S820	8	848	10	5766	11	5679	12	258	13	2571						
3L_14920_3A5	D5S818	10	3178	11	8509	12	3352	13	567								
3L_14920_3A5	TPOX	8	1195	11	9731												
3L_14920_3A5	D8S1179	10	2120	12	7483	13	6897	14	1041								
3L_14920_3A5	D12S391	16	1747	18	7022	21	3635	22	5972								
3L_14920_3A5	D19S433	13	4392	13.2	2839	14	2026	15	1320	15.2	2272						
3L_14920_3A5	SE33	19	1024	21	1184	28.2	1100	29.2	2322	30.2	5554						
3L_14920_3A5	D22S1045	11	1880	15	3790	16	2612	17	1221								
3L_14920_3A5	DYS391	10	7895	11	807												
3L_14920_3A5	FGA	18	3627	19	5374	20	1316	21	1937	22	8566						
3L_14920_3A5	DYS576	16	4206	17	2981												
3L_14920_3A5	DYS570	17	2079	18	1468	20	1143										
1L_06935_3B3	AMEL	X	6935														
1L_06935_3B3	D3S1358	14	11318	16	1169	18	2625	19	7953								
1L_06935_3B3	D1S1656	13	5204	15	7589	16	2201										
1L_06935_3B3	D2S441	11.3	5988	13	1342	14	5974										
1L_06935_3B3	D10S1248	13	990	14	5423	15	1735	16	5810								
1L_06935_3B3	D13S317	8	596	9	751	12	1333	13	5031	14	4025						
1L_06935_3B3	Penta E	7	3098	10	438	11	759	12	1190	13	3949						
1L_06935_3B3	D16S539	10	9055	11	6690	12	2839	13	605								
1L_06935_3B3	D18S51	10	932	14	15946	15	1005	18	672								
1L_06935_3B3	D2S1338	17	795	18	281	20	549	23	6538	24	4818						
1L_06935_3B3	CSF1PO	9	614	10	3873	11	451	12	4049								
1L_06935_3B3	Penta D	9	3707	10	401	12	5257										
1L_06935_3B3	TH01	6	999	7	775	9.3	9538										
1L_06935_3B3	vWA	14	782	16	549	17	3516	18	3334								
1L_06935_3B3	D21S11	29	632	30	1566	30.2	288	31	9089								
1L_06935_3B3	D7S820	10	4036	11	3792	13	619										
1L_06935_3B3	D5S818	10	4511	11	4648	12	454										
1L_06935_3B3	TPOX	11	5159														
1L_06935_3B3	D8S1179	10	259	12	5242	13	5253										
1L_06935_3B3	D12S391	16	897	18	1086	21	7632	22	7601								
1L_06935_3B3	D19S433	13	3531	13.2	3260	14	561	15	770	15.2	271						
1L_06935_3B3	SE33	19	129	29.2	870	30.2	4824										
1L_06935_3B3	D22S1045	11	1903	15	900	16	2352										
1L_06935_3B3	DYS391	10	10923														
1L_06935_3B3	FGA	18	1456	19	10195	22	9597										
1L_06935_3B3	DYS576	16	6711	17	1027												
1L_06935_3B3	DYS570	17	3988	18	436	20	900										
2L_09056_3B3	AMEL	X	9056	Y	8612												
2L_09056_3B3	D3S1358	14	9063	16	1752	18	1457	19	5485								
2L_09056_3B3	D1S1656	13	5926	15	7940	16	953										
2L_09056_3B3	D2S441	11.3	5224	13	1429	14	5972										
2L_09056_3B3	D10S1248	13	1069	14	7594	15	1852	16	7026								
2L_09056_3B3	D13S317	8	449	9	994	12	1389	13	5806	14	6505						
2L_09056_3B3	Penta E	7	4417	10	497	11	227	12	787	13	3950						
2L_09056_3B3	D16S539	10	10254	11	7206	12	1385										
2L_09056_3B3	D18S51	10	801	14	15081	15	781	16	423	18	811						
2L_09056_3B3	D2S1338	17	614	18	621	20	303	23	6404	24	5964						
2L_09056_3B3	CSF1PO	9	833	10	4592	11	1463	12	4536								
2L_09056_3B3	Penta D	9	4273	10	783	12	4801										
2L_09056_3B3	TH01	6	1029	7	529	9.3	9756										
2L_09056_3B3	vWA	14	715	16	1455	17	4658	18	4658								
2L_09056_3B3	D21S11	29	801	30	1628	30.2	957	31	11399	31.2	228						
2L_09056_3B3	D7S820	10	5658	11	4891	13	454										
2L_09056_3B3	D5S818	10	4806	11	5271	12	246										
2L_09056_3B3	TPOX	8	430	11	6099												
2L_09056_3B3	D8S1179	10	154	12	3913	13	4697										
2L_09056_3B3	D12S391	16	535	18	921	21	6927	22	7099								
2L_09056_3B3	D19S433	13	4874	13.2	3876	14	638	15	888	15.2	247						
2L_09056_3B3	SE33	19	452	30.2	5634												
2L_09056_3B3	D22S1045	11	2528	15	706	16	2508										
2L_09056_3B3	DYS391	10	7588														
2L_09056_3B3	FGA	18	1139	19	8973	22	8255										
2L_09056_3B3	DYS576	16	5593	17	319												
2L_09056_3B3	DYS570	17	4751	18	249	20	103										
1L_12646_3B4	AMEL	X	12646														
1L_12646_3B4	D3S1358	14	10279	15	1357	16	753	18	1360	19	7112						
1L_12646_3B4	D1S1656	13	5758	14	1624	15	8836	16	1996	17	260						
1L_12646_3B4	D2S441	11	485	11.3	3715	12	882	13	1211	14	5168						
1L_12646_3B4	D10S1248	13	1584	14	6559	15	3684	16	5631								
1L_12646_3B4	D13S317	8	649	9	192	10	549	11	133	12	1276	13	6653	14	6472		
1L_12646_3B4	Penta E	7	3358	10	1001	11	843	12	1123	13	3604						
1L_12646_3B4	D16S539	10	13700	11	10813	12	1820										
1L_12646_3B4	D18S51	10	1605	14	22411	15	1257	16	804	18	1173						
1L_12646_3B4	D2S1338	17	341	18	911	20	1236	23	6693	24	7100						
1L_12646_3B4	CSF1PO	10	7064	11	1570	12	4992	13	396								
1L_12646_3B4	Penta D	9	5773	10	1115	12	5690	13	462								
1L_12646_3B4	TH01	6	1907	7	1250	9.3	10909										
1L_12646_3B4	vWA	14	548	16	1434	17	5055	18	4268								
1L_12646_3B4	D21S11	29	950	30	1385	30.2	299	31	9874	31.2	212						
1L_12646_3B4	D7S820	8	436	10	5172	11	4133	13	207								
1L_12646_3B4	D5S818	10	5769	11	5534	12	239	13	188								
1L_12646_3B4	TPOX	8	509	11	7143												
1L_12646_3B4	D8S1179	10	470	12	5078	13	4832	15	489								
1L_12646_3B4	D12S391	16	242	18	1366	21	7452	22	8971	23	1453						
1L_12646_3B4	D19S433	11	489	13	5787	13.2	3963	14	262	14.2	218	15	254	15.2	529		
1L_12646_3B4	SE33	19	303	21	339	30.2	6772										
1L_12646_3B4	D22S1045	11	3291	15	1001	16	3120										
1L_12646_3B4	DYS391	10	14131	11	782												
1L_12646_3B4	FGA	19	12287	20	353	22	11881										
1L_12646_3B4	DYS576	16	6093	17	335												
1L_12646_3B4	DYS570	17	4928	18	448	20	596										
2L_07831_3B4	AMEL	X	7831														
2L_07831_3B4	D3S1358	14	7197	15	1485	16	905	18	1858	19	6355						
2L_07831_3B4	D1S1656	13	4711	14	1294	15	6613	16	606	17	927						
2L_07831_3B4	D2S441	11	739	11.3	5035	13	1291	14	6054								
2L_07831_3B4	D10S1248	12	216	13	1280	14	5870	15	2195	16	3961						
2L_07831_3B4	D13S317	8	1293	9	232	10	482	13	4992	14	4447						
2L_07831_3B4	Penta E	7	4308	10	1093	11	1216	12	1275	13	4189						
2L_07831_3B4	D16S539	9	816	10	5631	11	6103	12	240	13	310						
2L_07831_3B4	D18S51	10	460	14	9539	15	1148	16	270	17	257	18	1082				
2L_07831_3B4	D2S1338	17	402	18	841	20	496	23	4589	24	5703						
2L_07831_3B4	CSF1PO	10	3444	11	789	12	3440										
2L_07831_3B4	Penta D	9	4624	10	601	12	4074	13	213								
2L_07831_3B4	TH01	6	786	7	415	9.3	7609										
2L_07831_3B4	vWA	14	1081	16	1420	17	5716	18	4687								
2L_07831_3B4	D21S11	28	680	29	935	30	1395	30.2	491	31	9390	31.2	345				
2L_07831_3B4	D7S820	8	408	10	6322	11	3422	13	290								
2L_07831_3B4	D5S818	10	4093	11	3260	12	320	13	200								
2L_07831_3B4	TPOX	8	493	11	6223												
2L_07831_3B4	D8S1179	10	949	12	4319	13	4675	15	137								
2L_07831_3B4	D12S391	16	426	18	1213	21	7140	22	5817	23	634						
2L_07831_3B4	D19S433	11	183	13	5549	13.2	5474	14	212	14.2	671	15.2	313				
2L_07831_3B4	SE33	19	245	21	576	29.2	1054	30.2	5735								
2L_07831_3B4	D22S1045	11	2400	15	854	16	2902	17	470								
2L_07831_3B4	DYS391	10	5512	11	261												
2L_07831_3B4	FGA	19	6989	20	311	22	7246										
2L_07831_3B4	DYS576	16	4242	17	931												
2L_07831_3B4	DYS570	17	3616	18	351	20	392										
3L_05791_3B4	AMEL	X	5791	Y	7522												
3L_05791_3B4	D3S1358	14	6624	15	760	16	540	18	884	19	4116						
3L_05791_3B4	D1S1656	13	3261	14	804	15	4378	16	487	17	226						
3L_05791_3B4	D2S441	11	552	11.3	5046	13	915	14	3357								
3L_05791_3B4	D10S1248	13	765	14	5505	15	1470	16	3759								
3L_05791_3B4	D13S317	8	1310	9	197	10	295	12	824	13	4054	14	4013				
3L_05791_3B4	Penta E	7	4833	10	1005	11	256	12	611	13	3211						
3L_05791_3B4	D16S539	10	5296	11	4604	12	830	13	319								
3L_05791_3B4	D18S51	10	329	14	9913	15	568	16	347	17	589	18	366				
3L_05791_3B4	D2S1338	17	527	18	381	20	1036	23	4665	24	4058						
3L_05791_3B4	CSF1PO	9	356	10	3185	11	787	12	3349								
3L_05791_3B4	Penta D	9	3508	10	332	12	3644										
3L_05791_3B4	TH01	6	777	7	854	8	360	9.3	6000								
3L_05791_3B4	vWA	14	700	16	814	17	3343	18	2880	18.3	91						
3L_05791_3B4	D21S11	28	664	29	743	30	969	30.2	428	31	6533	31.2	631				
3L_05791_3B4	D7S820	8	403	10	3439	11	3034	12	69	13	323						
3L_05791_3B4	D5S818	10	3809	11	3975	12	367	13	140								
3L_05791_3B4	TPOX	8	146	11	4654	12	230										
3L_05791_3B4	D8S1179	10	191	12	3390	13	4054	15	214								
3L_05791_3B4	D12S391	16	99	18	722	21	2901	22	3229	23	870						
3L_05791_3B4	D19S433	13	3149	13.2	3492	14	402	14.2	294	15.2	572						
3L_05791_3B4	SE33	19	185	21	360	25.2	253	29.2	1117	30.2	4815						
3L_05791_3B4	D22S1045	11	2891	15	816	16	1921	17	279								
3L_05791_3B4	DYS391	10	5123	11	489												
3L_05791_3B4	FGA	19	4007	20	686	22	4278										
3L_05791_3B4	DYS576	16	3577	17	191												
3L_05791_3B4	DYS570	17	2334	18	161	19	50	20	190								
1L_09019_3B5	AMEL	X	9019														
1L_09019_3B5	D3S1358	14	10434	15	2001	16	2182	17	279	18	2059	19	6854				
1L_09019_3B5	D1S1656	13	6157	14	1271	15	5974	16	1834	17	397						
1L_09019_3B5	D2S441	11	706	11.3	5055	12	851	14	6030								
1L_09019_3B5	D10S1248	13	1772	14	7409	15	2092	16	5283								
1L_09019_3B5	D13S317	8	1112	9	453	10	666	12	1464	13	5209	14	5055				
1L_09019_3B5	Penta E	7	5038	10	707	11	601	12	707	13	5285						
1L_09019_3B5	D16S539	10	8796	11	8889	12	1339	13	1580								
1L_09019_3B5	D18S51	10	296	14	13259	15	908	16	621	17	318	18	435				
1L_09019_3B5	D2S1338	17	722	18	267	20	525	23	6275	24	6184						
1L_09019_3B5	CSF1PO	10	4301	11	944	12	4262										
1L_09019_3B5	Penta D	9	4941	10	1564	12	4883	13	661								
1L_09019_3B5	TH01	6	1599	7	641	8	386	9.3	9455								
1L_09019_3B5	vWA	14	1528	16	1073	17	4983	18	4211								
1L_09019_3B5	D21S11	28	536	30	2990	30.2	291	31	9878	31.2	311						
1L_09019_3B5	D7S820	8	592	10	4087	11	3349	13	461								
1L_09019_3B5	D5S818	10	3976	11	3597	12	479	13	553								
1L_09019_3B5	TPOX	8	392	11	5813												
1L_09019_3B5	D8S1179	12	4385	13	5811	14	218	15	241								
1L_09019_3B5	D12S391	16	745	18	1965	21	5570	22	5587	23	812						
1L_09019_3B5	D19S433	11	702	13	5113	13.2	4180	14	537	14.2	127	15	530	15.2	178		
1L_09019_3B5	SE33	19	864	21	183	25.2	216	29.2	1356	30.2	6485						
1L_09019_3B5	D22S1045	11	2127	14	95	16	3779										
1L_09019_3B5	DYS391	10	7542	11	631												
1L_09019_3B5	FGA	19	9353	20	974	22	8120										
1L_09019_3B5	DYS576	16	5370	17	488												
1L_09019_3B5	DYS570	17	3631	18	369	20	397										
2L_12482_3B5	AMEL	X	12482	Y	9551												
2L_12482_3B5	D3S1358	14	7797	15	1794	16	1785	18	2496	19	9701						
2L_12482_3B5	D1S1656	12	1224	13	6649	14	1227	15	8287	16	2147	17	734				
2L_12482_3B5	D2S441	11	1611	11.3	5197	13	1043	14	5931								
2L_12482_3B5	D10S1248	13	1591	14	5761	15	3549	16	6496								
2L_12482_3B5	D13S317	8	1147	9	119	10	590	12	1596	13	5651	14	5196				
2L_12482_3B5	Penta E	7	4806	10	1444	11	1072	12	1598	13	4018						
2L_12482_3B5	D16S539	10	10726	11	9441	12	532	13	876								
2L_12482_3B5	D18S51	10	608	14	18639	15	1064	16	888	17	1226	18	1921				
2L_12482_3B5	D2S1338	17	1083	18	1029	19	426	20	692	23	6395	24	5597				
2L_12482_3B5	CSF1PO	9	802	10	5479	11	1246	12	5082								
2L_12482_3B5	Penta D	9	7708	10	944	12	6680	13	659								
2L_12482_3B5	TH01	6	1052	7	607	8	307	9.3	11017								
2L_12482_3B5	vWA	14	806	16	1440	17	6014	18	6101								
2L_12482_3B5	D21S11	29	954	30	2245	30.2	283	31	11762	31.2	286						
2L_12482_3B5	D7S820	8	743	10	7272	11	4818										
2L_12482_3B5	D5S818	10	4874	11	5196	12	623	13	586								
2L_12482_3B5	TPOX	8	970	11	5804												
2L_12482_3B5	D8S1179	10	565	12	4621	13	6544	14	231	15	325						
2L_12482_3B5	D12S391	16	891	18	1698	21	8222	22	6636	23	1246						
2L_12482_3B5	D19S433	13	5136	13.2	4332	14	762	14.2	1045	15	442	15.2	874				
2L_12482_3B5	SE33	19	1042	21	243	25.2	160	29.2	1598	30.2	5428						
2L_12482_3B5	D22S1045	11	2997	15	1270	16	2998										
2L_12482_3B5	DYS391	10	10548	11	1456												
2L_12482_3B5	FGA	19	10499	20	1240	22	10874										
2L_12482_3B5	DYS576	16	6849	17	1088												
2L_12482_3B5	DYS570	17	4492	18	843	20	568										
3L_07870_3B5	AMEL	X	7870	Y	8614												
3L_07870_3B5	D3S1358	14	6366	15	1073	16	1572	18	1190	19	5188						
3L_07870_3B5	D1S1656	13	5165	14	1676	15	7121	16	614	17	329						
3L_07870_3B5	D2S441	11	486	11.3	3505	12	537	13	962	14	5421						
3L_07870_3B5	D10S1248	13	757	14	5077	15	2213	16	4079								
3L_07870_3B5	D13S317	8	492	9	239	10	283	12	721	13	5356	14	3738				
3L_07870_3B5	Penta E	7	4258	10	789	11	584	12	965	13	2612						
3L_07870_3B5	D16S539	10	10155	11	6451	12	1270	13	818								
3L_07870_3B5	D18S51	14	13231	15	1610	16	318	18	875								
3L_07870_3B5	D2S1338	17	530	18	220	19	287	20	872	23	4304	24	3577				
3L_07870_3B5	CSF1PO	9	309	10	2357	11	1580	12	2657	13	317						
3L_07870_3B5	Penta D	9	3324	10	1468	12	3826										
3L_07870_3B5	TH01	6	1892	7	719	9.3	7848										
3L_07870_3B5	vWA	14	640	16	1195	17	5104	18	3078								
3L_07870_3B5	D21S11	28	376	29	793	30	1362	30.2	243	31	7625	31.2	172				
3L_07870_3B5	D7S820	8	264	10	3652	11	3193	13	123								
3L_07870_3B5	D5S818	10	3415	11	3548	12	164	13	470								
3L_07870_3B5	TPOX	8	688	11	5660	12	185										
3L_07870_3B5	D8S1179	10	219	11	389	12	3211	13	3194	14	287	15	101				
3L_07870_3B5	D12S391	16	762	18	2264	21	5656	22	4855	23	889						
3L_07870_3B5	D19S433	13	4992	13.2	3390	14	603	14.2	158	15	432	15.2	304				
3L_07870_3B5	SE33	19	1032	21	346	28.2	358	29.2	908	30.2	3800						
3L_07870_3B5	D22S1045	11	1650	15	556	16	2332	17	386								
3L_07870_3B5	DYS391	10	6390	11	827												
3L_07870_3B5	FGA	18	1088	19	7045	20	1028	22	9255								
3L_07870_3B5	DYS576	16	4969	17	687												
3L_07870_3B5	DYS570	17	2356	18	998	20	110										
1L_06472_3C2	AMEL	X	6472	Y	7438												
1L_06472_3C2	D3S1358	14	5605	18	4326	19	2865										
1L_06472_3C2	D1S1656	13	2557	15	4657	16	2160										
1L_06472_3C2	D2S441	11.3	2628	13	3518	14	6035										
1L_06472_3C2	D10S1248	13	3548	14	2980	15	3676	16	3152								
1L_06472_3C2	D13S317	8	3498	12	2405	13	2742	14	3157								
1L_06472_3C2	Penta E	7	2797	10	4574	12	2040	13	2386								
1L_06472_3C2	D16S539	10	4824	11	3790	12	3350										
1L_06472_3C2	D18S51	14	5521	15	1883	18	1677										
1L_06472_3C2	D2S1338	18	2383	23	2384	24	4886										
1L_06472_3C2	CSF1PO	9	1942	10	1215	11	832	12	1363								
1L_06472_3C2	Penta D	9	2074	10	2051	12	4486										
1L_06472_3C2	TH01	6	4165	9.3	4406												
1L_06472_3C2	vWA	16	6162	17	3084	18	2868										
1L_06472_3C2	D21S11	29	1668	30.2	2414	31	4580										
1L_06472_3C2	D7S820	10	6353	11	2024												
1L_06472_3C2	D5S818	10	1828	11	3789	12	1843										
1L_06472_3C2	TPOX	8	2357	11	7684												
1L_06472_3C2	D8S1179	12	3141	13	9038												
1L_06472_3C2	D12S391	16	2941	18	2624	21	2493	22	2869								
1L_06472_3C2	D19S433	13	5907	13.2	3254	15	2325										
1L_06472_3C2	SE33	19	2820	21	2274	29.2	483	30.2	2685								
1L_06472_3C2	D22S1045	11	1989	15	4250	16	1531										
1L_06472_3C2	DYS391	10	4701														
1L_06472_3C2	FGA	19	4319	22	3725												
1L_06472_3C2	DYS576	16	1510	17	1790												
1L_06472_3C2	DYS570	17	1501	20	1451												
2L_06553_3C2	AMEL	X	6553	Y	8903												
2L_06553_3C2	D3S1358	14	6248	18	3093	19	4712										
2L_06553_3C2	D1S1656	13	2817	15	5030	16	3547										
2L_06553_3C2	D2S441	11.3	3042	13	2705	14	6631										
2L_06553_3C2	D10S1248	13	2485	14	2922	15	3580	16	2988								
2L_06553_3C2	D13S317	8	2540	12	3336	13	3155	14	2537								
2L_06553_3C2	Penta E	7	3008	10	3156	12	2504	13	2549								
2L_06553_3C2	D16S539	10	7398	11	3420	12	3249										
2L_06553_3C2	D18S51	14	6489	15	2410	18	3331										
2L_06553_3C2	D2S1338	18	1807	23	2247	24	5176										
2L_06553_3C2	CSF1PO	9	2715	10	1802	11	2180	12	1940								
2L_06553_3C2	Penta D	9	2033	10	3258	12	3985										
2L_06553_3C2	TH01	6	4578	9.3	4848												
2L_06553_3C2	vWA	16	5206	17	3348	18	2427										
2L_06553_3C2	D21S11	29	2357	30.2	2000	31	4530										
2L_06553_3C2	D7S820	10	7359	11	2100												
2L_06553_3C2	D5S818	10	1588	11	3168	12	1876										
2L_06553_3C2	TPOX	8	1795	11	5307												
2L_06553_3C2	D8S1179	12	3052	13	9056												
2L_06553_3C2	D12S391	16	4572	18	4138	21	3173	22	2625								
2L_06553_3C2	D19S433	13	4471	13.2	2529	15	3455										
2L_06553_3C2	SE33	19	1970	20.2	153	21	2010	30.2	3451								
2L_06553_3C2	D22S1045	11	2105	15	2726	16	1559										
2L_06553_3C2	DYS391	10	5237														
2L_06553_3C2	FGA	19	6061	22	4017												
2L_06553_3C2	DYS576	16	2320	17	1479												
2L_06553_3C2	DYS570	17	1282	20	1223												
3L_06115_3C2	AMEL	X	6115	Y	6688												
3L_06115_3C2	D3S1358	14	7375	18	3799	19	3361										
3L_06115_3C2	D1S1656	13	1701	15	3825	16	3154										
3L_06115_3C2	D2S441	11.3	1484	13	3027	14	5567										
3L_06115_3C2	D10S1248	13	2903	14	2833	15	3610	16	1860								
3L_06115_3C2	D13S317	8	3115	12	1716	13	1935	14	2253								
3L_06115_3C2	Penta E	7	2829	10	1163	12	1611	13	1764								
3L_06115_3C2	D16S539	10	5858	11	3388	12	3115										
3L_06115_3C2	D18S51	14	5472	15	2842	18	2313										
3L_06115_3C2	D2S1338	18	3477	23	1893	24	4694										
3L_06115_3C2	CSF1PO	9	935	10	1740	11	1609	12	1532								
3L_06115_3C2	Penta D	9	1664	10	1149	12	3851										
3L_06115_3C2	TH01	6	4813	9.3	3357												
3L_06115_3C2	vWA	16	4561	17	1858	18	2271										
3L_06115_3C2	D21S11	29	2691	30.2	1231	31	3602										
3L_06115_3C2	D7S820	10	4198	11	1289												
3L_06115_3C2	D5S818	10	1881	11	2943	12	1867										
3L_06115_3C2	TPOX	8	1513	11	3251												
3L_06115_3C2	D8S1179	12	2212	13	5400												
3L_06115_3C2	D12S391	16	3234	18	2831	21	3033	22	2237								
3L_06115_3C2	D19S433	13	4168	13.2	1540	15	1953	16	109								
3L_06115_3C2	SE33	19	1186	21	1279	30	177	30.2	2307								
3L_06115_3C2	D22S1045	11	1428	15	1749	16	1308										
3L_06115_3C2	DYS391	10	4418														
3L_06115_3C2	FGA	19	3881	22	3298												
3L_06115_3C2	DYS576	16	2005	17	1785												
3L_06115_3C2	DYS570	17	1145	20	651												
1L_04113_3C3	AMEL	X	4113	Y	5124												
1L_04113_3C3	D3S1358	14	4568	16	673	18	2374	19	1986								
1L_04113_3C3	D1S1656	13	1826	15	5007	16	2921										
1L_04113_3C3	D2S441	11.3	1589	12	731	13	2482	14	4555								
1L_04113_3C3	D10S1248	13	1168	14	2881	15	1270	16	1328								
1L_04113_3C3	D13S317	8	1351	9	320	12	2328	13	3201	14	1619						
1L_04113_3C3	Penta E	7	846	10	3340	11	302	12	2481	13	1270						
1L_04113_3C3	D16S539	10	3811	11	2272	12	2771	13	483								
1L_04113_3C3	D18S51	10	1319	14	4390	15	2108	16	340	18	1513						
1L_04113_3C3	D2S1338	17	727	18	2053	20	571	23	1361	24	1319						
1L_04113_3C3	CSF1PO	9	492	10	1469	11	1907	12	1873								
1L_04113_3C3	Penta D	9	1154	10	2259	12	3354										
1L_04113_3C3	TH01	6	1986	7	246	9.3	3798										
1L_04113_3C3	vWA	14	1244	16	3781	17	1951	18	2254								
1L_04113_3C3	D21S11	29	2305	30	1245	30.2	2034	31	3236	31.2	625						
1L_04113_3C3	D7S820	10	4632	11	2206	13	771										
1L_04113_3C3	D5S818	10	2591	11	3496	12	2020										
1L_04113_3C3	TPOX	8	1128	11	5704												
1L_04113_3C3	D8S1179	10	419	12	1466	13	3558										
1L_04113_3C3	D12S391	16	2495	18	2952	21	2794	22	2178								
1L_04113_3C3	D19S433	13	3169	13.2	1611	14	538	15	1795	15.2	449						
1L_04113_3C3	SE33	19	1440	21	891	29	92	29.2	1043	30.2	2942						
1L_04113_3C3	D22S1045	11	715	15	2258	16	989	17	714								
1L_04113_3C3	DYS391	10	3689														
1L_04113_3C3	FGA	18	959	19	4174	20	130	22	3852								
1L_04113_3C3	DYS576	16	1631	17	1380												
1L_04113_3C3	DYS570	17	1583	20	2194												
2L_05817_3C3	AMEL	X	5817	Y	7619												
2L_05817_3C3	D3S1358	14	6572	16	2039	18	3005	19	1503								
2L_05817_3C3	D1S1656	13	1087	15	4094	16	2279										
2L_05817_3C3	D2S441	11.3	1303	12	355	13	3454	14	3869								
2L_05817_3C3	D10S1248	13	1576	14	2469	15	2063	16	1772								
2L_05817_3C3	D13S317	8	445	9	403	12	1295	13	2316	14	2127						
2L_05817_3C3	Penta E	7	1306	10	2047	11	401	12	2782	13	1801						
2L_05817_3C3	D16S539	10	4378	11	3152	12	3969	13	516								
2L_05817_3C3	D18S51	10	381	14	5211	15	1645	16	716	18	2511						
2L_05817_3C3	D2S1338	17	706	18	1187	20	154	23	2217	24	2660						
2L_05817_3C3	CSF1PO	9	1155	10	1065	11	2765	12	1275								
2L_05817_3C3	Penta D	9	763	10	2499	12	3282										
2L_05817_3C3	TH01	6	3263	7	458	9.3	3719										
2L_05817_3C3	vWA	14	927	16	3438	17	1463	18	1722								
2L_05817_3C3	D21S11	29	1908	30	951	30.2	1320	31	3707	31.2	495						
2L_05817_3C3	D7S820	10	4560	11	2321	13	791										
2L_05817_3C3	D5S818	10	1607	11	3432	12	1319										
2L_05817_3C3	TPOX	8	1165	11	3938												
2L_05817_3C3	D8S1179	10	470	12	2273	13	5160										
2L_05817_3C3	D12S391	16	2600	18	3400	21	2063	22	2559								
2L_05817_3C3	D19S433	12.2	207	13	2313	13.2	1583	14	542	15	1360	15.2	658				
2L_05817_3C3	SE33	19	1661	21	1073	30.2	2727										
2L_05817_3C3	D22S1045	11	1255	15	2791	16	825	17	306								
2L_05817_3C3	DYS391	10	5165														
2L_05817_3C3	FGA	18	1899	19	3770	22	3804										
2L_05817_3C3	DYS576	16	1710	17	2196												
2L_05817_3C3	DYS570	17	884	18	262	20	1023										
3L_07450_3C3	AMEL	X	7450	Y	6710												
3L_07450_3C3	D3S1358	14	5080	15	167	16	1122	18	6087	19	2705						
3L_07450_3C3	D1S1656	13	2504	15	7042	16	1946										
3L_07450_3C3	D2S441	11.3	2013	12	1159	13	2297	14	4707								
3L_07450_3C3	D10S1248	13	3965	14	2992	15	2806	16	2482								
3L_07450_3C3	D13S317	8	2424	9	480	11	328	12	2111	13	3627	14	1874				
3L_07450_3C3	Penta E	7	2805	10	2144	11	855	12	3231	13	1276						
3L_07450_3C3	D16S539	10	6018	11	3595	12	3877	13	366								
3L_07450_3C3	D18S51	10	726	14	6134	15	2415	16	832	18	1508						
3L_07450_3C3	D2S1338	17	923	18	2847	20	692	23	2365	24	4183						
3L_07450_3C3	CSF1PO	9	3276	10	2354	11	2475	12	1499								
3L_07450_3C3	Penta D	9	1739	10	2589	12	5276										
3L_07450_3C3	TH01	6	3611	7	746	9.3	3372										
3L_07450_3C3	vWA	14	1014	16	4364	17	1739	18	1608								
3L_07450_3C3	D21S11	29	1781	30	1231	30.2	2726	31	4181	31.2	612						
3L_07450_3C3	D7S820	10	4874	11	1941	13	462										
3L_07450_3C3	D5S818	10	1348	11	4748	12	1142										
3L_07450_3C3	TPOX	8	1453	11	4940												
3L_07450_3C3	D8S1179	10	638	12	2493	13	5218										
3L_07450_3C3	D12S391	16	4980	18	5243	21	2830	22	3002								
3L_07450_3C3	D19S433	13	4672	13.2	2471	14	537	15	1528	15.2	840						
3L_07450_3C3	SE33	19	1739	21	1885	29.2	700	30.2	2561								
3L_07450_3C3	D22S1045	11	1196	15	3616	16	659	17	1013								
3L_07450_3C3	DYS391	8	71	10	3453												
3L_07450_3C3	FGA	18	713	19	3578	22	4650	23	210								
3L_07450_3C3	DYS576	16	2587	17	1975												
3L_07450_3C3	DYS570	17	1275	18	514	20	1300	21	241								
1L_14869_3C4	AMEL	X	14869	Y	8885												
1L_14869_3C4	D3S1358	14	10004	15	3880	16	2804	18	3117	19	2843						
1L_14869_3C4	D1S1656	13	2684	14	1555	15	7981	16	5311	17	648						
1L_14869_3C4	D2S441	11	2010	11.3	2718	12	1038	13	3669	14	7028						
1L_14869_3C4	D10S1248	13	3602	14	5828	15	5727	16	3269								
1L_14869_3C4	D13S317	8	3093	9	840	10	752	12	2516	13	3222	14	2274				
1L_14869_3C4	Penta E	7	2518	10	3399	11	1151	12	3596	13	1894						
1L_14869_3C4	D16S539	9	2380	10	9188	11	6102	12	6618	13	1676						
1L_14869_3C4	D18S51	10	1337	14	7427	15	3888	16	1192	17	2292	18	3291				
1L_14869_3C4	D2S1338	17	1160	18	3182	20	1743	23	5103	24	6017						
1L_14869_3C4	CSF1PO	9	2294	10	3074	11	3981	12	3366	13	819						
1L_14869_3C4	Penta D	9	3887	10	2133	12	7436	13	928								
1L_14869_3C4	TH01	6	6446	7	1443	8	187	9.3	4643								
1L_14869_3C4	vWA	14	2110	16	4833	17	3234	18	2622								
1L_14869_3C4	D21S11	28	766	29	2559	30	1733	30.2	1873	31	5935	31.2	230				
1L_14869_3C4	D7S820	8	458	10	7548	11	3088	13	414								
1L_14869_3C4	D5S818	10	3883	11	5324	12	2383	13	432								
1L_14869_3C4	TPOX	8	1717	11	6213	12	219										
1L_14869_3C4	D8S1179	10	567	12	3098	13	7366	15	556								
1L_14869_3C4	D12S391	16	2890	18	4314	21	4368	22	3484	23	848						
1L_14869_3C4	D19S433	11	1077	13	4432	13.2	2472	14	975	14.2	724	15	2943	15.2	1245		
1L_14869_3C4	SE33	19	2082	20	441	21	1652	25.2	543	29.2	821	30.2	3406				
1L_14869_3C4	D22S1045	11	1220	15	4202	16	2288	17	475								
1L_14869_3C4	DYS391	10	9788	11	737												
1L_14869_3C4	FGA	18	1775	19	8576	20	1126	22	6513								
1L_14869_3C4	DYS576	16	5413	17	4316												
1L_14869_3C4	DYS570	15	99	17	1581	18	1648	20	2748								
2L_07707_3C4	AMEL	X	7707	Y	9234												
2L_07707_3C4	D3S1358	14	7514	15	2550	16	1850	17	415	18	2864	19	2195				
2L_07707_3C4	D1S1656	13	2435	14	1296	15	8023	16	3750	17	877						
2L_07707_3C4	D2S441	11	1004	11.3	3293	12	866	13	3974	14	5341						
2L_07707_3C4	D10S1248	13	3821	14	4218	15	4347	16	2014								
2L_07707_3C4	D13S317	8	2829	9	650	10	824	12	2734	13	3230	14	2295				
2L_07707_3C4	Penta E	7	2805	10	3191	11	1476	12	2749	13	1529						
2L_07707_3C4	D16S539	9	1275	10	5927	11	4457	12	4056	13	849						
2L_07707_3C4	D18S51	10	1208	14	5680	15	3519	16	1947	17	962	18	2404				
2L_07707_3C4	D2S1338	17	1065	18	1876	20	899	21	74	23	3655	24	2981				
2L_07707_3C4	CSF1PO	9	1522	10	2318	11	2221	12	2616	13	592						
2L_07707_3C4	Penta D	9	2770	10	2539	12	6058										
2L_07707_3C4	TH01	6	4559	7	1017	8	555	9.3	4508								
2L_07707_3C4	vWA	14	2565	16	4637	17	2685	18	2455								
2L_07707_3C4	D21S11	28	1243	29	2093	30	1222	30.2	2562	31	4970	31.2	945				
2L_07707_3C4	D7S820	8	352	10	6348	11	2914	13	485								
2L_07707_3C4	D5S818	10	3203	11	4606	12	1323	13	300								
2L_07707_3C4	TPOX	8	1851	11	4766	12	512										
2L_07707_3C4	D8S1179	10	559	12	2234	13	6240	15	813								
2L_07707_3C4	D12S391	16	3407	18	3715	21	2486	22	3361	23	1549						
2L_07707_3C4	D19S433	11	618	13	4808	13.2	2046	14	977	14.2	953	15	2420	15.2	574		
2L_07707_3C4	SE33	19	1995	20	131	21	719	25.2	302	29.2	782	30.2	3010				
2L_07707_3C4	D22S1045	11	1201	15	2259	16	2226	17	473								
2L_07707_3C4	DYS391	10	7125	11	727												
2L_07707_3C4	FGA	18	1214	19	4673	20	1045	22	6747								
2L_07707_3C4	DYS576	16	2984	17	1905												
2L_07707_3C4	DYS570	17	1505	18	440	20	1830										
3L_08373_3C4	AMEL	X	8373	Y	9572												
3L_08373_3C4	D3S1358	14	7723	15	2125	16	2358	18	3382	19	3119						
3L_08373_3C4	D1S1656	13	2318	14	1519	15	5693	16	3869	17	1297						
3L_08373_3C4	D2S441	11	1258	11.3	2826	12	513	13	2884	14	5164						
3L_08373_3C4	D10S1248	13	3804	14	3343	15	4610	16	3129								
3L_08373_3C4	D13S317	8	3533	9	1113	10	456	12	1858	13	3685	14	2367				
3L_08373_3C4	Penta E	7	2371	10	2687	11	1679	12	3026	13	2120						
3L_08373_3C4	D16S539	9	1925	10	7741	11	4054	12	3328	13	943						
3L_08373_3C4	D18S51	10	1351	14	6106	15	3743	16	868	17	1203	18	4154				
3L_08373_3C4	D2S1338	17	963	18	1919	20	1190	23	3580	24	3869						
3L_08373_3C4	CSF1PO	9	1844	10	2723	11	2407	12	2902	13	581						
3L_08373_3C4	Penta D	9	2144	10	2473	12	4649	13	566								
3L_08373_3C4	TH01	6	3527	7	1197	8	416	9.3	3523								
3L_08373_3C4	vWA	14	1940	16	2310	17	1342	18	1749								
3L_08373_3C4	D21S11	28	694	29	2775	30	1083	30.2	1080	31	3822	31.2	1087				
3L_08373_3C4	D7S820	8	590	10	6183	11	1678	13	422								
3L_08373_3C4	D5S818	10	1763	11	4410	12	1817	13	713								
3L_08373_3C4	TPOX	8	1996	10	225	11	3988	12	699								
3L_08373_3C4	D8S1179	10	521	12	1897	13	5206	15	452								
3L_08373_3C4	D12S391	16	3139	18	3366	21	2517	22	3319	23	1584						
3L_08373_3C4	D19S433	11	168	13	4110	13.2	1495	14	686	14.2	342	15	879	15.2	463		
3L_08373_3C4	SE33	19	2024	21	1134	25.2	625	29.2	573	30.2	2719						
3L_08373_3C4	D22S1045	11	837	15	2749	16	1258	17	275								
3L_08373_3C4	DYS391	10	6623	11	858												
3L_08373_3C4	FGA	18	1142	19	7026	20	493	22	7468								
3L_08373_3C4	DYS576	16	2540	17	1793												
3L_08373_3C4	DYS570	17	1182	18	591	20	2100										
1L_11701_3C5	AMEL	X	11701	Y	12867												
1L_11701_3C5	D3S1358	14	9079	15	4295	16	4117	17	758	18	4853	19	4461				
1L_11701_3C5	D1S1656	12	1189	13	5210	14	1884	15	10248	16	5879	17	1036				
1L_11701_3C5	D2S441	11	3315	11.3	2959	12	817	13	2915	14	5712						
1L_11701_3C5	D10S1248	13	3743	14	6602	15	7900	16	2373								
1L_11701_3C5	D13S317	8	3530	9	1244	10	1893	12	2202	13	3633	14	2632				
1L_11701_3C5	Penta E	7	2254	10	2084	11	1868	12	4187	13	2375						
1L_11701_3C5	D16S539	9	2720	10	11169	11	7095	12	7631	13	3971						
1L_11701_3C5	D18S51	10	2104	14	11929	15	8285	16	1500	17	1321	18	5554				
1L_11701_3C5	D2S1338	17	2600	18	5121	19	1475	20	2215	23	4059	24	5725				
1L_11701_3C5	CSF1PO	9	1996	10	2454	11	4346	12	3046	13	914						
1L_11701_3C5	Penta D	9	2221	10	4714	12	6580	13	1189								
1L_11701_3C5	TH01	6	5719	7	1455	8	719	9.3	6351								
1L_11701_3C5	vWA	14	2712	16	4401	17	3104	18	2664								
1L_11701_3C5	D21S11	28	1222	29	3053	30	2812	30.2	2635	31	5036	31.2	902				
1L_11701_3C5	D7S820	8	1110	10	7496	11	3477	12	180	13	920						
1L_11701_3C5	D5S818	10	4779	11	5433	12	1593	13	1398								
1L_11701_3C5	TPOX	8	1874	11	5057	12	350										
1L_11701_3C5	D8S1179	10	809	12	4249	13	8059	14	559	15	591						
1L_11701_3C5	D12S391	16	4998	18	5591	21	4607	22	5399	23	1800						
1L_11701_3C5	D19S433	11	1696	13	5578	13.2	1721	14	1165	14.2	285	15	2428	15.2	585		
1L_11701_3C5	SE33	19	1927	21	813	25.2	639	28.2	398	29.2	1797	30.2	4794				
1L_11701_3C5	D22S1045	11	1894	15	2473	16	2852	17	746								
1L_11701_3C5	DYS391	10	9315	11	2211												
1L_11701_3C5	FGA	18	2470	19	9873	20	1704	21	1661	22	10583						
1L_11701_3C5	DYS576	16	5841	17	4855												
1L_11701_3C5	DYS570	17	1961	18	1485	20	2507										
2L_07287_3C5	AMEL	X	7287														
2L_07287_3C5	D3S1358	14	5658	15	2959	16	3268	18	3640	19	2256						
2L_07287_3C5	D1S1656	12	967	13	2630	14	2147	15	4457	16	2522	17	1086				
2L_07287_3C5	D2S441	11	2535	11.3	1712	12	735	13	2924	14	3742						
2L_07287_3C5	D10S1248	13	3175	14	4377	15	4418	16	3573								
2L_07287_3C5	D13S317	8	2640	9	734	10	1038	12	1431	13	2738	14	2132				
2L_07287_3C5	Penta E	7	1473	10	2165	11	476	12	1948	13	917						
2L_07287_3C5	D16S539	9	1016	10	7392	11	4918	12	3507	13	1467						
2L_07287_3C5	D18S51	10	1293	14	6852	15	3718	16	1216	17	1051	18	2582				
2L_07287_3C5	D2S1338	17	1200	18	3040	19	712	20	1523	23	2613	24	3985				
2L_07287_3C5	CSF1PO	9	1831	10	1679	11	2623	12	2220	13	202						
2L_07287_3C5	Penta D	9	1552	10	2339	12	3930	13	370								
2L_07287_3C5	TH01	6	5127	7	1219	8	409	9.3	5371								
2L_07287_3C5	vWA	14	1551	16	3812	17	2222	18	1930								
2L_07287_3C5	D21S11	28	320	29	1594	30	2499	30.2	1882	31	4414	31.2	624				
2L_07287_3C5	D7S820	8	861	10	5746	11	2277	13	199								
2L_07287_3C5	D5S818	10	1720	11	5066	12	1205	13	576								
2L_07287_3C5	TPOX	8	1581	11	3972	12	173										
2L_07287_3C5	D8S1179	10	848	12	2399	13	5402	14	226	15	159						
2L_07287_3C5	D12S391	16	2868	18	4302	21	2431	22	2810	23	1750						
2L_07287_3C5	D19S433	11	517	13	3298	13.2	1842	14	973	14.2	240	15	1468	15.2	430		
2L_07287_3C5	SE33	19	1530	20.2	105	21	1371	25.2	474	28.2	631	29.2	1090	30.2	2427		
2L_07287_3C5	D22S1045	11	778	15	2501	16	1625	17	343								
2L_07287_3C5	DYS391	10	5205	11	1570												
2L_07287_3C5	FGA	18	1566	19	5686	20	2695	21	1175	22	7338						
2L_07287_3C5	DYS576	16	4340	17	1957												
2L_07287_3C5	DYS570	17	1551	18	1264	20	320										
3L_06269_3C5	AMEL	X	6269														
3L_06269_3C5	D3S1358	14	5093	15	3241	16	1551	18	3567	19	2395						
3L_06269_3C5	D1S1656	12	802	13	2767	14	1289	15	4050	16	2910	17	519				
3L_06269_3C5	D2S441	11	1819	11.3	1376	12	560	13	3127	14	3155						
3L_06269_3C5	D10S1248	13	2509	14	3537	15	4474	16	2184								
3L_06269_3C5	D13S317	8	3755	9	578	10	1422	12	1538	13	1995	14	1474				
3L_06269_3C5	Penta E	7	873	10	1621	11	800	12	1490	13	1392						
3L_06269_3C5	D16S539	9	894	10	5627	11	3528	12	4099	13	2581						
3L_06269_3C5	D18S51	10	832	14	5011	15	3828	16	1046	17	1508	18	3096				
3L_06269_3C5	D2S1338	17	1354	18	2395	19	570	20	1164	23	2461	24	3755				
3L_06269_3C5	CSF1PO	9	1112	10	2186	11	2631	12	1895	13	210						
3L_06269_3C5	Penta D	9	2007	10	1774	12	4164	13	251								
3L_06269_3C5	TH01	6	3436	7	1130	8	127	9.3	3965								
3L_06269_3C5	vWA	14	866	16	3780	17	2486	18	2058								
3L_06269_3C5	D21S11	28	429	29	2208	30	2102	30.2	1230	31	4416	31.2	273				
3L_06269_3C5	D7S820	8	431	10	4958	11	2644	13	285								
3L_06269_3C5	D5S818	10	1830	11	3477	12	1628	13	871								
3L_06269_3C5	TPOX	8	1173	11	4379	12	242										
3L_06269_3C5	D8S1179	10	640	12	2119	13	4766	14	333	15	217						
3L_06269_3C5	D12S391	16	2039	18	3101	21	2551	22	3119	23	1026						
3L_06269_3C5	D19S433	11	614	13	3571	13.2	1172	14	1153	14.2	479	15	1205	15.2	553		
3L_06269_3C5	SE33	18.2	110	19	1233	20	153	21	830	25.2	290	28.2	292	29.2	778	30.2	1782
3L_06269_3C5	D22S1045	11	927	15	1954	16	1387	17	193								
3L_06269_3C5	DYS391	10	7628	11	983												
3L_06269_3C5	FGA	18	1209	19	5272	20	1887	21	1074	22	5981						
3L_06269_3C5	DYS576	16	3770	17	2352												
3L_06269_3C5	DYS570	17	853	18	1018	20	1231										
1L_05392_3D2	AMEL	X	5392														
1L_05392_3D2	D3S1358	14	4709	18	820	19	3747										
1L_05392_3D2	D1S1656	13	2836	15	3644	16	716	17	207								
1L_05392_3D2	D2S441	11.3	2047	13	641	14	2035										
1L_05392_3D2	D10S1248	13	316	14	2259	15	788	16	2038								
1L_05392_3D2	D13S317	8	297	12	438	13	2584	14	2150								
1L_05392_3D2	Penta E	7	1133	10	1097	12	276	13	1543								
1L_05392_3D2	D16S539	10	4119	11	3052	12	522										
1L_05392_3D2	D18S51	14	7479	15	626	18	946										
1L_05392_3D2	D2S1338	18	660	23	1884	24	3077										
1L_05392_3D2	CSF1PO	9	846	10	1751	11	367	12	1705								
1L_05392_3D2	Penta D	9	2046	10	218	12	2285										
1L_05392_3D2	TH01	6	1415	9.3	5422												
1L_05392_3D2	vWA	16	1023	17	3403	18	2760										
1L_05392_3D2	D21S11	29	231	30.2	450	31	4570										
1L_05392_3D2	D7S820	10	1984	11	1610												
1L_05392_3D2	D5S818	10	1986	11	2214	12	531										
1L_05392_3D2	TPOX	8	460	10	162	11	2850										
1L_05392_3D2	D8S1179	12	2475	13	2984												
1L_05392_3D2	D12S391	18	983	21	4018	22	3737										
1L_05392_3D2	D19S433	13	3197	13.2	2474	14	121	15	781								
1L_05392_3D2	SE33	19	126	21	338	30.2	2770										
1L_05392_3D2	D22S1045	11	1859	15	859	16	1252										
1L_05392_3D2	DYS391	10	4735														
1L_05392_3D2	FGA	19	4928	22	4421												
1L_05392_3D2	DYS576	16	3911	17	504												
1L_05392_3D2	DYS570	17	1973	20	667												
2L_04016_3D2	AMEL	X	4016	Y	4242												
2L_04016_3D2	D3S1358	14	3394	18	1142	19	3357										
2L_04016_3D2	D1S1656	13	2620	15	2628	16	665										
2L_04016_3D2	D2S441	11.3	2671	13	654	14	3374										
2L_04016_3D2	D10S1248	13	678	14	3115	15	1312	16	2823								
2L_04016_3D2	D13S317	8	347	12	664	13	3627	14	2750								
2L_04016_3D2	Penta E	7	2597	10	521	12	633	13	2367								
2L_04016_3D2	D16S539	10	3868	11	3413	12	565										
2L_04016_3D2	D18S51	14	5992	15	718	18	677										
2L_04016_3D2	D2S1338	17	101	18	659	23	2801	24	3020								
2L_04016_3D2	CSF1PO	10	2117	11	588	12	1317										
2L_04016_3D2	Penta D	9	1750	10	438	12	2452										
2L_04016_3D2	TH01	6	565	9.3	4385												
2L_04016_3D2	vWA	16	1239	17	2474	18	2657										
2L_04016_3D2	D21S11	29	524	30.2	784	31	4886										
2L_04016_3D2	D7S820	10	2763	11	3061												
2L_04016_3D2	D5S818	10	2098	11	2956	12	839										
2L_04016_3D2	TPOX	8	287	11	3780												
2L_04016_3D2	D8S1179	11	279	12	2225	13	3519										
2L_04016_3D2	D12S391	16	548	18	1408	21	3296	22	2727								
2L_04016_3D2	D19S433	13	3372	13.2	2599	14	108	15	763								
2L_04016_3D2	SE33	19	392	21	260	30.2	2563										
2L_04016_3D2	D22S1045	11	1683	15	575	16	1655										
2L_04016_3D2	DYS391	10	3827														
2L_04016_3D2	FGA	19	3579	22	3520												
2L_04016_3D2	DYS576	16	2985	17	480												
2L_04016_3D2	DYS570	17	1223	20	138												
3L_06369_3D2	AMEL	X	6369														
3L_06369_3D2	D3S1358	14	3838	18	1186	19	5765										
3L_06369_3D2	D1S1656	11	78	13	3733	14	503	15	3137	16	710						
3L_06369_3D2	D2S441	11.3	2897	12.3	108	13	675	14	2805								
3L_06369_3D2	D10S1248	13	874	14	3542	15	1265	16	3298								
3L_06369_3D2	D13S317	8	556	12	828	13	3633	14	2575								
3L_06369_3D2	Penta E	7	3455	10	1057	12	431	13	1333								
3L_06369_3D2	D16S539	10	5967	11	3159	12	310										
3L_06369_3D2	D18S51	14	7695	15	811	18	611										
3L_06369_3D2	D2S1338	18	771	23	2231	24	3646										
3L_06369_3D2	CSF1PO	9	502	10	3102	11	864	12	2376								
3L_06369_3D2	Penta D	9	1685	10	237	12	2090										
3L_06369_3D2	TH01	6	656	9.3	5245												
3L_06369_3D2	vWA	16	1207	17	2510	18	2117										
3L_06369_3D2	D21S11	29	724	30.2	809	31	4877										
3L_06369_3D2	D7S820	10	3273	11	1942												
3L_06369_3D2	D5S818	10	1360	11	2169	12	992										
3L_06369_3D2	TPOX	8	388	11	3506												
3L_06369_3D2	D8S1179	12	2197	13	3738												
3L_06369_3D2	D12S391	16	607	18	303	20	557	21	3111	22	3424						
3L_06369_3D2	D19S433	13	3493	13.2	2460	14	102	15	359								
3L_06369_3D2	SE33	19	358	21	951	30.2	2629										
3L_06369_3D2	D22S1045	11	1205	15	623	16	1358										
3L_06369_3D2	DYS391	10	3679														
3L_06369_3D2	FGA	19	3279	22	5486												
3L_06369_3D2	DYS576	16	2965	17	491												
3L_06369_3D2	DYS570	17	2222	20	205												
1L_04210_3D3	AMEL	X	4210	Y	5524												
1L_04210_3D3	D3S1358	14	3539	16	2967	18	1939	19	3796								
1L_04210_3D3	D1S1656	13	2909	15	4598	16	1238										
1L_04210_3D3	D2S441	11.3	2376	12	1408	13	1169	14	2708								
1L_04210_3D3	D10S1248	13	708	14	3361	15	2233	16	2249								
1L_04210_3D3	D13S317	8	222	9	1217	12	1641	13	2788	14	2673						
1L_04210_3D3	Penta E	7	2710	10	440	11	791	12	1518	13	1511						
1L_04210_3D3	D16S539	10	4540	11	3749	12	2242	13	1314								
1L_04210_3D3	D18S51	10	1605	14	7833	15	1493	16	986	18	863						
1L_04210_3D3	D2S1338	17	1210	18	237	20	1012	23	2395	24	3523						
1L_04210_3D3	CSF1PO	9	348	10	1931	11	1144	12	2195								
1L_04210_3D3	Penta D	9	2246	10	333	11	222	12	3506								
1L_04210_3D3	TH01	6	1217	7	1496	9.3	7020										
1L_04210_3D3	vWA	14	1709	16	1410	17	2679	18	1363								
1L_04210_3D3	D21S11	29	945	30	1586	30.2	378	31	4788	31.2	888						
1L_04210_3D3	D7S820	10	4206	11	2939	13	394										
1L_04210_3D3	D5S818	10	2234	11	3530	12	434										
1L_04210_3D3	TPOX	8	909	11	4379												
1L_04210_3D3	D8S1179	10	489	12	3328	13	2985										
1L_04210_3D3	D12S391	16	377	18	1720	21	3210	22	4618								
1L_04210_3D3	D19S433	13	2595	13.2	1838	14	870	15	365	15.2	1095						
1L_04210_3D3	SE33	19	342	21	195	29.2	1380	30.2	3201								
1L_04210_3D3	D22S1045	11	1344	15	631	16	1001	17	543								
1L_04210_3D3	DYS391	10	5121														
1L_04210_3D3	FGA	18	2220	19	4311	22	3463										
1L_04210_3D3	DYS576	16	3272														
1L_04210_3D3	DYS570	17	1309	18	574	20	349										
2L_06004_3D3	AMEL	X	6004														
2L_06004_3D3	D3S1358	14	4779	16	2655	17	95	18	698	19	2841						
2L_06004_3D3	D1S1656	13	3341	15	3849	16	927										
2L_06004_3D3	D2S441	11.3	2351	12	1392	13	2264	14	2106								
2L_06004_3D3	D10S1248	13	812	14	3928	15	527	16	1792								
2L_06004_3D3	D13S317	8	533	9	952	12	649	13	2059	14	1654						
2L_06004_3D3	Penta E	7	1883	10	520	11	545	12	956	13	984						
2L_06004_3D3	D16S539	10	3511	11	3802	12	2212	13	1047								
2L_06004_3D3	D18S51	10	1332	14	7891	15	1594	16	1115	18	643						
2L_06004_3D3	D2S1338	17	1386	18	722	20	707	23	3517	24	1711						
2L_06004_3D3	CSF1PO	9	730	10	2695	11	1157	12	2115								
2L_06004_3D3	Penta D	9	1544	10	388	12	2945										
2L_06004_3D3	TH01	6	1746	7	890	9.3	4011										
2L_06004_3D3	vWA	14	1304	16	973	17	2042	18	1357								
2L_06004_3D3	D21S11	29	459	30	1195	30.2	264	31	4855	31.2	827						
2L_06004_3D3	D7S820	10	2164	11	2293	12	55	13	549								
2L_06004_3D3	D5S818	10	2011	11	2862	12	193										
2L_06004_3D3	TPOX	8	167	11	2533												
2L_06004_3D3	D8S1179	10	587	12	2226	13	2523										
2L_06004_3D3	D12S391	18	2054	21	3473	22	2613										
2L_06004_3D3	D19S433	13	2401	13.2	1303	14	597	14.2	185	15	362	15.2	1210				
2L_06004_3D3	SE33	19	438	29.2	1224	30.2	3009										
2L_06004_3D3	D22S1045	11	1063	15	568	16	882	17	311								
2L_06004_3D3	DYS391	10	6335														
2L_06004_3D3	FGA	18	924	19	3928	22	4881										
2L_06004_3D3	DYS576	16	2972	17	515												
2L_06004_3D3	DYS570	17	3146	18	258												
3L_07057_3D3	AMEL	X	7057														
3L_07057_3D3	D3S1358	14	4291	16	2568	18	1069	19	2867								
3L_07057_3D3	D1S1656	13	2658	15	4200	16	992										
3L_07057_3D3	D2S441	11.3	1506	12	515	13	653	14	2386								
3L_07057_3D3	D10S1248	13	1402	14	2824	15	1181	16	2186								
3L_07057_3D3	D13S317	8	729	9	729	12	351	13	2917	14	1386						
3L_07057_3D3	Penta E	7	1036	10	598	11	267	12	644	13	2029						
3L_07057_3D3	D16S539	10	4127	11	4412	12	2978	13	809								
3L_07057_3D3	D18S51	10	1518	14	6099	15	1416	16	1227								
3L_07057_3D3	D2S1338	17	1493	18	499	20	729	23	2801	24	2576						
3L_07057_3D3	CSF1PO	9	435	10	2539	11	1587	12	1304								
3L_07057_3D3	Penta D	9	1836	10	730	12	2758										
3L_07057_3D3	TH01	6	743	7	302	9.3	3755										
3L_07057_3D3	vWA	14	968	16	958	17	983	18	1039								
3L_07057_3D3	D21S11	29	194	30	1027	30.2	549	31	2999	31.2	491						
3L_07057_3D3	D7S820	10	2025	11	1990	12	53	13	528								
3L_07057_3D3	D5S818	10	1783	11	2977	12	471										
3L_07057_3D3	TPOX	8	686	11	2733												
3L_07057_3D3	D8S1179	10	446	12	2112	13	1604										
3L_07057_3D3	D12S391	16	807	18	2178	21	2029	22	2547								
3L_07057_3D3	D19S433	13	1895	13.2	1846	14	956	15.2	510								
3L_07057_3D3	SE33	21	229	29.2	1146	30.2	2357										
3L_07057_3D3	D22S1045	11	409	15	671	16	632	17	314								
3L_07057_3D3	DYS391	10	5621														
3L_07057_3D3	FGA	18	1512	19	1821	22	3571										
3L_07057_3D3	DYS576	16	2263	17	225												
3L_07057_3D3	DYS570	17	964	18	398	20	341										
1L_07463_3D4	AMEL	X	7463	Y	8973												
1L_07463_3D4	D3S1358	14	3954	15	1547	16	2529	17	204	18	1329	19	3217				
1L_07463_3D4	D1S1656	13	3836	14	1539	15	5616	16	2813	17	650						
1L_07463_3D4	D2S441	11	1200	11.3	3526	12	1316	13	1068	14	2881						
1L_07463_3D4	D10S1248	13	743	14	3017	15	2951	16	1957								
1L_07463_3D4	D13S317	8	1463	9	1983	10	586	12	538	13	3847	14	2522				
1L_07463_3D4	Penta E	7	2067	10	1439	11	479	12	2147	13	2527						
1L_07463_3D4	D16S539	9	797	10	5047	11	4631	12	2281	13	2113						
1L_07463_3D4	D18S51	10	1697	14	8249	15	2655	16	1698	17	670	18	547				
1L_07463_3D4	D2S1338	17	1703	18	1239	20	1893	23	2984	24	3444						
1L_07463_3D4	CSF1PO	10	2707	11	2268	12	2804	13	198								
1L_07463_3D4	Penta D	9	3645	10	1022	12	5809										
1L_07463_3D4	TH01	6	1524	7	735	8	657	9.3	6335								
1L_07463_3D4	vWA	14	1713	16	1393	17	2156	18	2533								
1L_07463_3D4	D21S11	28	221	29	303	30	1914	30.2	548	31	5160	31.2	848				
1L_07463_3D4	D7S820	8	254	10	3195	11	3132	12	83	13	695						
1L_07463_3D4	D5S818	10	2640	11	4364	12	443	13	188								
1L_07463_3D4	TPOX	8	547	11	4354	12	149										
1L_07463_3D4	D8S1179	10	586	12	3414	13	4358	15	350								
1L_07463_3D4	D12S391	16	320	18	1499	21	3403	22	5761	23	1326						
1L_07463_3D4	D19S433	11	128	13	3376	13.2	2469	14	702	14.2	276	15	163	15.2	955		
1L_07463_3D4	SE33	18	89	19	483	21	131	25.2	433	29.2	1102	30.2	3561				
1L_07463_3D4	D22S1045	11	917	15	1950	16	2030	17	582								
1L_07463_3D4	DYS391	10	5812	11	359												
1L_07463_3D4	FGA	18	1748	19	3854	22	7300										
1L_07463_3D4	DYS576	16	4397	17	264												
1L_07463_3D4	DYS570	17	2035	18	891	20	782										
2L_08215_3D4	AMEL	X	8215	Y	7304												
2L_08215_3D4	D3S1358	14	4427	15	2893	16	3256	18	1011	19	3652						
2L_08215_3D4	D1S1656	13	2299	14	825	15	5350	16	2001	17	775						
2L_08215_3D4	D2S441	11	667	11.3	3474	12	1338	13	2018	14	4343						
2L_08215_3D4	D10S1248	13	1715	14	4915	15	3666	16	3534								
2L_08215_3D4	D13S317	8	1720	9	1114	10	555	12	1926	13	5271	14	2255				
2L_08215_3D4	Penta E	7	3201	10	1264	11	1444	12	1677	13	3017						
2L_08215_3D4	D16S539	9	1189	10	5579	11	5226	12	2592	13	1368						
2L_08215_3D4	D18S51	10	1384	14	9703	15	1818	16	2546	17	366	18	1600				
2L_08215_3D4	D2S1338	17	1839	18	870	20	1684	23	3054	24	3505						
2L_08215_3D4	CSF1PO	9	904	10	2831	11	1588	12	3854	13	378						
2L_08215_3D4	Penta D	9	2909	10	194	12	4836	13	246								
2L_08215_3D4	TH01	6	1374	7	1210	8	547	9.3	7051								
2L_08215_3D4	vWA	14	2016	16	2055	17	2926	18	2950								
2L_08215_3D4	D21S11	28	460	29	712	30	2586	30.2	680	31	7054	31.2	1109				
2L_08215_3D4	D7S820	8	443	10	4750	11	3018	13	853								
2L_08215_3D4	D5S818	10	3526	11	5872	13	440										
2L_08215_3D4	TPOX	8	1089	11	4788	12	114										
2L_08215_3D4	D8S1179	10	1098	12	3428	13	3084	14	117	15	746						
2L_08215_3D4	D12S391	16	1050	18	2784	21	3544	22	4300	23	903						
2L_08215_3D4	D19S433	11	111	13	3374	13.2	2267	14	1189	14.2	679	15	171	15.2	1647		
2L_08215_3D4	SE33	19	560	25.2	249	29.2	1423	30.2	4681								
2L_08215_3D4	D22S1045	11	1787	15	1219	16	1885	17	857								
2L_08215_3D4	DYS391	10	6191														
2L_08215_3D4	FGA	18	2535	19	4330	20	876	22	8967								
2L_08215_3D4	DYS576	16	4259	17	845												
2L_08215_3D4	DYS570	17	1514	18	1183	19	55	20	187								
3L_06654_3D4	AMEL	X	6654														
3L_06654_3D4	D3S1358	14	5088	15	1395	16	1781	18	733	19	2553						
3L_06654_3D4	D1S1656	13	2927	14	899	15	4216	16	1652	17	186						
3L_06654_3D4	D2S441	11	953	11.3	2569	12	905	13	1950	14	2015						
3L_06654_3D4	D10S1248	13	829	14	4096	15	2464	16	2143								
3L_06654_3D4	D13S317	8	1329	9	1418	10	405	12	845	13	4729	14	3043				
3L_06654_3D4	Penta E	7	1987	10	929	11	513	12	831	13	1575						
3L_06654_3D4	D16S539	9	1084	10	4552	11	4971	12	2010	13	1048						
3L_06654_3D4	D18S51	10	1376	14	6135	15	1033	16	2176	17	499	18	340				
3L_06654_3D4	D2S1338	17	846	18	263	20	1727	22	408	23	2816	24	2088				
3L_06654_3D4	CSF1PO	8	68	9	569	10	3120	11	677	12	1353	13	244				
3L_06654_3D4	Penta D	9	2627	10	290	12	4011										
3L_06654_3D4	TH01	6	471	7	824	8	875	9.3	3887								
3L_06654_3D4	vWA	14	2095	16	461	17	1231	18	2521	18.3	56						
3L_06654_3D4	D21S11	28	691	29	619	30	1539	30.2	376	31	4095	31.2	686				
3L_06654_3D4	D7S820	8	450	10	2162	11	2097	13	884								
3L_06654_3D4	D5S818	10	2451	11	3179	12	481	13	195								
3L_06654_3D4	TPOX	8	406	10	177	11	3195										
3L_06654_3D4	D8S1179	10	722	12	1998	13	2488	15	92								
3L_06654_3D4	D12S391	16	335	18	1096	21	2754	22	2876	23	277						
3L_06654_3D4	D19S433	11	499	13	2181	13.2	1679	14	792	14.2	416	15	641	15.2	644		
3L_06654_3D4	SE33	19	403	21	187	25.2	234	29.2	1044	30.2	3229						
3L_06654_3D4	D22S1045	11	1067	15	1190	16	1533	17	709								
3L_06654_3D4	DYS391	10	3650	11	833												
3L_06654_3D4	FGA	18	1164	19	4400	20	269	22	4414								
3L_06654_3D4	DYS576	16	4226	17	594												
3L_06654_3D4	DYS570	17	1770	18	564	20	194										
1L_07606_3D5	AMEL	X	7606	Y	6854												
1L_07606_3D5	D3S1358	14	4846	15	1926	16	2885	17	197	18	1232	19	3939				
1L_07606_3D5	D1S1656	13	3005	15	4866	16	1466										
1L_07606_3D5	D2S441	11	920	11.3	3156	12	1449	13	1520	14	3134						
1L_07606_3D5	D10S1248	13	1335	14	5069	15	2575	16	2548								
1L_07606_3D5	D13S317	8	910	9	1381	10	1174	12	810	13	3608	14	2034				
1L_07606_3D5	Penta E	7	2545	10	852	11	1043	12	1918	13	2022						
1L_07606_3D5	D16S539	10	5467	11	4286	12	3307	13	1895								
1L_07606_3D5	D18S51	10	2301	14	5961	15	1188	16	703	17	386	18	557				
1L_07606_3D5	D2S1338	17	1611	18	815	20	2013	23	4307	24	4807						
1L_07606_3D5	CSF1PO	9	572	10	2856	11	1959	12	3253	13	1126						
1L_07606_3D5	Penta D	9	2656	10	1524	12	3612	13	502								
1L_07606_3D5	TH01	6	1044	7	917	8	607	9.3	5385								
1L_07606_3D5	vWA	14	2214	16	1035	17	2781	18	2021								
1L_07606_3D5	D21S11	28	318	29	697	30	2122	30.2	1040	31	4983	31.2	884				
1L_07606_3D5	D7S820	8	508	10	2142	11	2671	12	88	13	815						
1L_07606_3D5	D5S818	10	2764	11	4132	12	855	13	703								
1L_07606_3D5	TPOX	8	392	10	286	11	5186	12	319								
1L_07606_3D5	D8S1179	10	515	12	2712	13	3407	14	567	15	214						
1L_07606_3D5	D12S391	16	494	18	2545	21	3184	22	3295	23	1085						
1L_07606_3D5	D19S433	11	489	13	2750	13.2	1778	14	1198	14.2	320	15	754	15.2	894		
1L_07606_3D5	SE33	19	536	21	496	28.2	445	29.2	1283	30.2	3092						
1L_07606_3D5	D22S1045	11	669	15	1063	16	1256	17	346								
1L_07606_3D5	DYS391	10	5889	11	748												
1L_07606_3D5	FGA	18	868	19	4762	20	1119	21	1024	22	5296						
1L_07606_3D5	DYS576	16	4114	17	1143												
1L_07606_3D5	DYS570	17	1534	18	722	20	468										
2L_05391_3D5	AMEL	X	5391	Y	7362												
2L_05391_3D5	D3S1358	14	4673	15	1674	16	4637	18	978	19	3457						
2L_05391_3D5	D1S1656	12	1524	13	4702	14	1171	15	4479	16	1182	17	231				
2L_05391_3D5	D2S441	11	839	11.3	1999	12	999	13	1837	14	3726						
2L_05391_3D5	D10S1248	13	1180	14	3945	15	2836	16	2640								
2L_05391_3D5	D13S317	8	1018	9	978	10	1430	12	644	13	5681	14	2702				
2L_05391_3D5	Penta E	7	2681	10	1246	11	1348	12	1564	13	2780						
2L_05391_3D5	D16S539	10	5995	11	4557	12	1552	13	2712								
2L_05391_3D5	D18S51	10	1230	14	9137	15	1988	16	1988	17	748	18	882				
2L_05391_3D5	D2S1338	17	1747	18	764	19	190	20	412	23	4376	24	2563				
2L_05391_3D5	CSF1PO	9	505	10	2318	11	1582	12	2685	13	245						
2L_05391_3D5	Penta D	9	2820	10	1156	12	3386	13	272								
2L_05391_3D5	TH01	6	2017	7	1105	8	152	9.3	6042								
2L_05391_3D5	vWA	14	1724	16	1587	17	2923	18	2412								
2L_05391_3D5	D21S11	28	153	29	546	30	2078	30.2	590	31	4476	31.2	596				
2L_05391_3D5	D7S820	8	900	10	3125	11	2946	12	95	13	974						
2L_05391_3D5	D5S818	10	2247	11	4141	12	560	13	430								
2L_05391_3D5	TPOX	8	172	11	4665												
2L_05391_3D5	D8S1179	10	385	12	2416	13	2615	14	428	15	211						
2L_05391_3D5	D12S391	16	1295	18	2646	21	2858	22	4235	23	777						
2L_05391_3D5	D19S433	11	474	13	2970	13.2	1923	14	1458	14.2	285	15	299	15.2	463		
2L_05391_3D5	SE33	19	273	21	408	25.2	231	28.2	424	29.2	1466	30.2	4513				
2L_05391_3D5	D22S1045	11	1194	15	1389	16	2039	17	1021								
2L_05391_3D5	DYS391	10	5506	11	1239												
2L_05391_3D5	FGA	18	2057	19	5423	20	1590	22	5556								
2L_05391_3D5	DYS576	16	1307	17	1224												
2L_05391_3D5	DYS570	17	1778	18	816	20	844										
3L_03412_3D5	AMEL	X	3412	Y	3292												
3L_03412_3D5	D3S1358	14	3111	15	782	16	2723	17	187	18	1092	19	2585				
3L_03412_3D5	D1S1656	12	625	13	2610	14	479	15	2131	16	910	17	580				
3L_03412_3D5	D2S441	11	441	11.3	1476	12	583	13	1088	14	2181						
3L_03412_3D5	D10S1248	13	1135	14	1652	15	1277	16	1591								
3L_03412_3D5	D13S317	8	677	9	826	10	159	12	740	13	2623	14	1769				
3L_03412_3D5	Penta E	7	1689	10	130	11	423	12	1495	13	1458						
3L_03412_3D5	D16S539	10	2945	11	3006	12	2573	13	1431	14	61						
3L_03412_3D5	D18S51	10	829	14	5054	15	835	16	800	17	854	18	607				
3L_03412_3D5	D2S1338	17	1083	18	594	19	444	20	2052	23	2054	24	2293				
3L_03412_3D5	CSF1PO	9	212	10	1273	11	1450	12	2327	13	266						
3L_03412_3D5	Penta D	9	1261	10	732	12	1809	13	434								
3L_03412_3D5	TH01	6	936	7	432	8	122	9.3	3758								
3L_03412_3D5	vWA	14	1494	16	566	17	1889	18	1715								
3L_03412_3D5	D21S11	28	280	29	647	30	1553	30.2	570	31	4437	31.2	665				
3L_03412_3D5	D7S820	8	204	10	2864	11	2410	12	83	13	825						
3L_03412_3D5	D5S818	10	1752	11	2579	12	577	13	472								
3L_03412_3D5	TPOX	8	529	11	2858	12	144										
3L_03412_3D5	D8S1179	10	365	12	2400	13	1122	14	277	15	205						
3L_03412_3D5	D12S391	16	424	18	2060	21	2386	22	2889	23	883						
3L_03412_3D5	D19S433	11	331	13	2072	13.2	1240	14	821	14.2	177	15	347	15.2	791		
3L_03412_3D5	SE33	19	635	21	231	25.2	101	29.2	672	30.2	1741						
3L_03412_3D5	D22S1045	11	1162	15	653	16	1402	17	232								
3L_03412_3D5	DYS391	10	4324	11	533												
3L_03412_3D5	FGA	18	1612	19	2758	20	1073	21	641	22	3603						
3L_03412_3D5	DYS576	16	2045	17	657												
3L_03412_3D5	DYS570	17	1762	18	649	20	103										
1L_12644_3E2	AMEL	X	12644	Y	12665												
1L_12644_3E2	D3S1358	14	14982	18	1995	19	11833										
1L_12644_3E2	D1S1656	13	11103	15	9640	16	599										
1L_12644_3E2	D2S441	11.3	9594	14	10842												
1L_12644_3E2	D10S1248	14	10791	15	1564	16	10752										
1L_12644_3E2	D13S317	8	281	12	1298	13	10685	14	9222								
1L_12644_3E2	Penta E	7	8645	10	260	13	7958										
1L_12644_3E2	D16S539	10	14837	11	13696	12	508										
1L_12644_3E2	D18S51	14	22205	18	567												
1L_12644_3E2	D2S1338	18	398	23	7576	24	7655										
1L_12644_3E2	CSF1PO	10	6869	12	5367												
1L_12644_3E2	Penta D	9	7705	12	6439												
1L_12644_3E2	TH01	6	1620	9.3	20637												
1L_12644_3E2	vWA	17	10981	18	10304												
1L_12644_3E2	D21S11	29	491	31	22377												
1L_12644_3E2	D7S820	10	10505	11	8389												
1L_12644_3E2	D5S818	10	11141	11	9153												
1L_12644_3E2	TPOX	11	11974														
1L_12644_3E2	D8S1179	12	10891	13	10513												
1L_12644_3E2	D12S391	16	1168	18	687	21	13378	22	10289								
1L_12644_3E2	D19S433	13	9223	13.2	10797												
1L_12644_3E2	SE33	19	331	21	422	30.2	12492										
1L_12644_3E2	D22S1045	11	5391	15	1189	16	3850										
1L_12644_3E2	DYS391	10	14986														
1L_12644_3E2	FGA	19	13944	22	14086												
1L_12644_3E2	DYS576	16	10323														
1L_12644_3E2	DYS570	17	6568	20	445												
2L_17074_3E2	AMEL	X	17074														
2L_17074_3E2	D3S1358	14	12219	18	2602	19	14569										
2L_17074_3E2	D1S1656	13	12727	15	12758	16	611										
2L_17074_3E2	D2S441	11.3	10000	13	966	14	8372										
2L_17074_3E2	D10S1248	14	9289	15	1781	16	10884										
2L_17074_3E2	D13S317	8	287	12	989	13	8039	14	8501								
2L_17074_3E2	Penta E	7	8770	12	708	13	8156										
2L_17074_3E2	D16S539	10	14682	11	14035												
2L_17074_3E2	D18S51	14	29494	18	860												
2L_17074_3E2	D2S1338	23	9782	24	8474												
2L_17074_3E2	CSF1PO	9	663	10	5795	11	1464	12	7283								
2L_17074_3E2	Penta D	9	8569	12	7001												
2L_17074_3E2	TH01	9.3	20674														
2L_17074_3E2	vWA	16	1915	17	11477	18	8653										
2L_17074_3E2	D21S11	29	818	31	20575												
2L_17074_3E2	D7S820	10	8843	11	7459												
2L_17074_3E2	D5S818	10	7795	11	7845	12	351										
2L_17074_3E2	TPOX	8	241	11	12089												
2L_17074_3E2	D8S1179	12	11196	13	8888												
2L_17074_3E2	D12S391	16	656	21	15562	22	11890										
2L_17074_3E2	D19S433	13	9722	13.2	8550	15	531										
2L_17074_3E2	SE33	21	491	30.2	10289												
2L_17074_3E2	D22S1045	11	4699	15	1199	16	4343										
2L_17074_3E2	DYS391	10	18052														
2L_17074_3E2	FGA	19	18710	22	18555												
2L_17074_3E2	DYS576	16	12003														
2L_17074_3E2	DYS570	17	5767	20	135												
3L_20010_3E2	AMEL	X	20010														
3L_20010_3E2	D3S1358	14	15523	18	2593	19	15652										
3L_20010_3E2	D1S1656	13	16064	15	13369	16	858										
3L_20010_3E2	D2S441	11.3	13578	14	13709												
3L_20010_3E2	D10S1248	13	1950	14	13779	16	15129										
3L_20010_3E2	D13S317	8	691	12	1874	13	13205	14	11247								
3L_20010_3E2	Penta E	7	12266	12	794	13	9971										
3L_20010_3E2	D16S539	10	23549	11	19725												
3L_20010_3E2	D18S51	14	36000														
3L_20010_3E2	D2S1338	18	1377	23	14152	24	12751										
3L_20010_3E2	CSF1PO	10	10682	11	1257	12	9234										
3L_20010_3E2	Penta D	9	11899	10	1216	12	11522										
3L_20010_3E2	TH01	6	1248	9.3	21436												
3L_20010_3E2	vWA	17	11645	18	10342												
3L_20010_3E2	D21S11	29	472	30.2	704	31	23467										
3L_20010_3E2	D7S820	10	8816	11	10129												
3L_20010_3E2	D5S818	10	9821	11	8846	12	352										
3L_20010_3E2	TPOX	10	740	11	13270												
3L_20010_3E2	D8S1179	12	11628	13	11059												
3L_20010_3E2	D12S391	21	16343	22	13757												
3L_20010_3E2	D19S433	13	10323	13.2	10052	15	1087										
3L_20010_3E2	SE33	21	282	30.2	13885												
3L_20010_3E2	D22S1045	11	6952	15	1184	16	5074										
3L_20010_3E2	DYS391	10	18589														
3L_20010_3E2	FGA	19	17783	22	17128												
3L_20010_3E2	DYS576	16	12460														
3L_20010_3E2	DYS570	17	7827	20	974												
1L_10389_3E3	AMEL	X	10389	Y	11691												
1L_10389_3E3	D3S1358	14	8677	16	600	17	180	18	1313	19	7493						
1L_10389_3E3	D1S1656	13	6583	15	7492	16	941										
1L_10389_3E3	D2S441	11.3	6062	13	875	14	5478										
1L_10389_3E3	D10S1248	13	1142	14	8274	15	1880	16	6422								
1L_10389_3E3	D13S317	8	152	9	599	13	6324	14	5444								
1L_10389_3E3	Penta E	7	5740	10	304	11	476	12	1153	13	4780						
1L_10389_3E3	D16S539	10	9262	11	7645	12	1202	13	702								
1L_10389_3E3	D18S51	10	792	14	16685	16	532										
1L_10389_3E3	D2S1338	18	317	20	443	23	5897	24	4955								
1L_10389_3E3	CSF1PO	9	557	10	3383	11	1400	12	5097								
1L_10389_3E3	Penta D	9	4120	10	574	12	5972										
1L_10389_3E3	TH01	6	823	7	677	9.3	14887										
1L_10389_3E3	vWA	14	834	17	8143	18	5690										
1L_10389_3E3	D21S11	29	388	30	2109	30.2	536	31	14435	31.2	385						
1L_10389_3E3	D7S820	10	6526	11	6043	13	279										
1L_10389_3E3	D5S818	10	5150	11	6797												
1L_10389_3E3	TPOX	8	433	11	7692												
1L_10389_3E3	D8S1179	10	353	12	6049	13	7897										
1L_10389_3E3	D12S391	16	296	18	1695	21	7034	22	8763								
1L_10389_3E3	D19S433	13	7875	13.2	5713	14	670	15	520	15.2	637						
1L_10389_3E3	SE33	19	694	21	283	29.2	1505	30.2	7179								
1L_10389_3E3	D22S1045	11	3532	15	1341	16	3824	17	753								
1L_10389_3E3	DYS391	10	10576														
1L_10389_3E3	FGA	18	1064	19	8293	22	8301										
1L_10389_3E3	DYS576	16	6236	17	642												
1L_10389_3E3	DYS570	17	5421	18	270	20	360										
2L_12385_3E3	AMEL	X	12385	Y	10378												
2L_12385_3E3	D3S1358	14	12078	16	1010	17	263	18	1792	19	9775						
2L_12385_3E3	D1S1656	13	8390	15	8311	16	1341										
2L_12385_3E3	D2S441	11.3	6346	13	2142	14	7986										
2L_12385_3E3	D10S1248	13	1708	14	8929	15	1364	16	7261								
2L_12385_3E3	D13S317	9	584	13	8115	14	6661	15	217								
2L_12385_3E3	Penta E	7	5451	10	630	11	550	12	1049	13	3631						
2L_12385_3E3	D16S539	10	11132	11	10152	12	2308	13	736								
2L_12385_3E3	D18S51	10	971	14	20386	15	978	16	969	18	960						
2L_12385_3E3	D2S1338	17	571	18	556	20	357	23	5268	24	7351						
2L_12385_3E3	CSF1PO	9	1414	10	5291	11	922	12	6116								
2L_12385_3E3	Penta D	9	5534	12	8326												
2L_12385_3E3	TH01	6	2453	7	485	9.3	15026										
2L_12385_3E3	vWA	14	1489	16	1863	17	9965	18	8483								
2L_12385_3E3	D21S11	29	1033	30	2656	30.2	1009	31	19631	31.2	565						
2L_12385_3E3	D7S820	10	7977	11	7166	13	473										
2L_12385_3E3	D5S818	10	5903	11	7013	12	421										
2L_12385_3E3	TPOX	8	459	11	8910												
2L_12385_3E3	D8S1179	10	676	12	7926	13	9029										
2L_12385_3E3	D12S391	16	429	18	1381	21	9922	22	9090								
2L_12385_3E3	D19S433	13	8805	13.2	7198	14	1019	15	481	15.2	765						
2L_12385_3E3	SE33	19	312	30.2	8607												
2L_12385_3E3	D22S1045	11	2935	15	1329	16	3095	17	627								
2L_12385_3E3	DYS391	10	11837														
2L_12385_3E3	FGA	18	1319	19	9486	22	10839										
2L_12385_3E3	DYS576	16	5173														
2L_12385_3E3	DYS570	17	4437	18	334	20	1194										
3L_10411_3E3	AMEL	X	10411	Y	14095												
3L_10411_3E3	D3S1358	14	12462	15	340	16	2036	18	1782	19	8974						
3L_10411_3E3	D1S1656	13	7827	15	11052	16	542										
3L_10411_3E3	D2S441	11.3	7320	12	1354	13	1805	14	8027								
3L_10411_3E3	D10S1248	12	205	13	954	14	6281	15	2331	16	6176						
3L_10411_3E3	D13S317	8	344	9	450	13	7313	14	6994								
3L_10411_3E3	Penta E	7	6954	10	215	11	766	12	1279	13	4987						
3L_10411_3E3	D16S539	10	12875	11	9832	12	1763	13	1113								
3L_10411_3E3	D18S51	14	23406	15	1576	16	588	18	943								
3L_10411_3E3	D2S1338	17	442	18	475	20	1075	23	5590	24	6979						
3L_10411_3E3	CSF1PO	9	814	10	6368	11	1229	12	3369								
3L_10411_3E3	Penta D	9	7085	10	337	12	7447										
3L_10411_3E3	TH01	6	874	7	434	9.3	14842										
3L_10411_3E3	vWA	14	1269	16	1374	17	7310	18	5297								
3L_10411_3E3	D21S11	29	1064	30	2274	30.2	904	31	16232								
3L_10411_3E3	D7S820	10	7451	11	7748	13	465										
3L_10411_3E3	D5S818	10	6175	11	5399												
3L_10411_3E3	TPOX	11	7195														
3L_10411_3E3	D8S1179	10	872	12	7043	13	8095										
3L_10411_3E3	D12S391	18	1253	21	9188	22	9263										
3L_10411_3E3	D19S433	13	8307	13.2	7806	14	561	15	204	15.2	455						
3L_10411_3E3	SE33	19	440	21	311	30.2	8600										
3L_10411_3E3	D22S1045	11	3570	15	1227	16	3432										
3L_10411_3E3	DYS391	10	11152														
3L_10411_3E3	FGA	18	1310	19	10512	22	9193										
3L_10411_3E3	DYS576	16	6383	17	502												
3L_10411_3E3	DYS570	17	4039	18	340	20	91										
1L_23847_3E4	AMEL	X	23847	Y	24693												
1L_23847_3E4	D3S1358	14	20617	15	1999	16	2522	18	2993	19	17771						
1L_23847_3E4	D1S1656	13	15969	15	15660	16	2340	17	576								
1L_23847_3E4	D2S441	11	868	11.3	13703	13	2406	14	15035								
1L_23847_3E4	D10S1248	13	2942	14	17513	15	7422	16	14062								
1L_23847_3E4	D13S317	8	1010	9	890	10	414	12	2087	13	17524	14	12481				
1L_23847_3E4	Penta E	7	12956	10	1114	11	1036	12	1839	13	10862						
1L_23847_3E4	D16S539	10	22664	11	25031	12	2170	13	3086								
1L_23847_3E4	D18S51	10	2199	14	38308	15	1966	16	1853	18	1052						
1L_23847_3E4	D2S1338	17	2027	18	780	20	1415	23	14413	24	14551						
1L_23847_3E4	CSF1PO	9	1583	10	10099	11	2591	12	7904								
1L_23847_3E4	Penta D	9	13209	10	932	12	15139										
1L_23847_3E4	TH01	6	1453	7	1270	8	578	9.3	23484								
1L_23847_3E4	vWA	14	2197	17	12427	18	10762										
1L_23847_3E4	D21S11	28	816	29	856	30	3727	30.2	661	31	26112	31.2	808				
1L_23847_3E4	D7S820	8	569	10	12912	11	10053	13	732								
1L_23847_3E4	D5S818	10	10388	11	12891	12	634	13	468								
1L_23847_3E4	TPOX	8	887	11	13460	12	466										
1L_23847_3E4	D8S1179	10	1237	12	12962	13	11789	15	417								
1L_23847_3E4	D12S391	16	1166	18	2161	21	18696	22	15333	23	804						
1L_23847_3E4	D19S433	11	510	13	11433	13.2	12611	14	1381	14.2	516	15	870	15.2	1103		
1L_23847_3E4	SE33	18	314	19	1247	29.2	2658	30.2	14425								
1L_23847_3E4	D22S1045	11	5807	15	1810	16	5362	17	1060								
1L_23847_3E4	DYS391	10	22478														
1L_23847_3E4	FGA	18	2809	19	20901	20	1011	22	23630								
1L_23847_3E4	DYS576	16	12313	17	793												
1L_23847_3E4	DYS570	17	6829	18	681	20	491										
2L_15920_3E4	AMEL	X	15920	Y	14693												
2L_15920_3E4	D3S1358	14	15165	15	707	16	1247	18	2649	19	12199						
2L_15920_3E4	D1S1656	13	10789	14	2014	15	13891	16	2708								
2L_15920_3E4	D2S441	11	308	11.3	8804	13	1415	14	9760								
2L_15920_3E4	D10S1248	14	10249	15	3439	16	10505										
2L_15920_3E4	D13S317	8	1273	9	853	12	1356	13	9789	14	8428						
2L_15920_3E4	Penta E	7	8257	10	487	11	940	12	1547	13	7409						
2L_15920_3E4	D16S539	10	16830	11	13026	12	1084	13	1167								
2L_15920_3E4	D18S51	10	1415	14	25730	15	1859	16	1151								
2L_15920_3E4	D2S1338	17	397	18	1062	20	1340	23	8048	24	8826						
2L_15920_3E4	CSF1PO	9	1341	10	5974	11	1724	12	8779								
2L_15920_3E4	Penta D	9	8481	10	631	12	9236	13	342								
2L_15920_3E4	TH01	6	669	7	1220	9.3	16878										
2L_15920_3E4	vWA	14	1719	16	1511	17	7809	18	7484								
2L_15920_3E4	D21S11	29	1170	30	3106	30.2	517	31	17639	31.2	617						
2L_15920_3E4	D7S820	10	7793	11	6878	13	566										
2L_15920_3E4	D5S818	10	8039	11	8068	12	429	13	334								
2L_15920_3E4	TPOX	8	540	11	8060	12	161										
2L_15920_3E4	D8S1179	10	478	12	8358	13	8483	15	339								
2L_15920_3E4	D12S391	16	746	18	909	21	11846	22	10231	23	709						
2L_15920_3E4	D19S433	13	7313	13.2	8051	14	518	15	483	15.2	243						
2L_15920_3E4	SE33	19	648	25.2	421	29.2	2022	30.2	9458								
2L_15920_3E4	D22S1045	11	4672	15	887	16	4194	17	538								
2L_15920_3E4	DYS391	10	15207														
2L_15920_3E4	FGA	18	1675	19	12025	20	1055	22	11008								
2L_15920_3E4	DYS576	16	10732														
2L_15920_3E4	DYS570	17	4687	18	985	20	94										
3L_14826_3E4	AMEL	X	14826	Y	14248												
3L_14826_3E4	D3S1358	14	15598	15	1784	16	1675	18	3024	19	12161						
3L_14826_3E4	D1S1656	13	12553	14	1929	15	11693	16	2108								
3L_14826_3E4	D2S441	11	552	11.3	10189	13	1691	14	10535								
3L_14826_3E4	D10S1248	13	2440	14	11692	15	3895	16	9760								
3L_14826_3E4	D13S317	8	690	9	1146	10	347	12	1568	13	12845	14	10393				
3L_14826_3E4	Penta E	7	8503	10	808	11	1386	12	1449	13	9442						
3L_14826_3E4	D16S539	10	16971	11	14352	12	2032	13	1569								
3L_14826_3E4	D18S51	10	1725	14	26574	15	1055	16	1214	17	827	18	728				
3L_14826_3E4	D2S1338	17	960	18	872	20	1591	23	7346	24	9689						
3L_14826_3E4	CSF1PO	9	1436	10	8694	11	2567	12	6014	13	307						
3L_14826_3E4	Penta D	9	7774	10	358	12	11602										
3L_14826_3E4	TH01	6	1065	7	357	9.3	15922										
3L_14826_3E4	vWA	14	1195	16	2138	17	7180	18	5879								
3L_14826_3E4	D21S11	28	508	29	1050	30	2079	30.2	632	31	16064	31.2	625				
3L_14826_3E4	D7S820	10	8255	11	8159	13	483										
3L_14826_3E4	D5S818	10	7866	11	8883	12	452	13	385								
3L_14826_3E4	TPOX	8	658	11	11376	12	360										
3L_14826_3E4	D8S1179	10	1187	12	8801	13	8465	15	270								
3L_14826_3E4	D12S391	16	750	18	1629	21	10613	22	10232	23	522						
3L_14826_3E4	D19S433	11	666	13	7899	13.2	6296	14	892	14.2	268	15	394	15.2	1010		
3L_14826_3E4	SE33	18	274	19	1435	21	303	25.2	194	29.2	2262	30.2	9665				
3L_14826_3E4	D22S1045	11	5804	15	1202	16	4066	17	577								
3L_14826_3E4	DYS391	10	12663	11	647												
3L_14826_3E4	FGA	18	2149	19	12234	20	852	22	11411								
3L_14826_3E4	DYS576	16	8788	17	525												
3L_14826_3E4	DYS570	17	5594	18	860	20	369										
1L_23530_3E5	AMEL	X	23530	Y	25744												
1L_23530_3E5	D3S1358	14	22959	15	2344	16	2374	18	4721	19	17347						
1L_23530_3E5	D1S1656	13	16339	14	3067	15	18101	16	2449	17	1266						
1L_23530_3E5	D2S441	11	1346	11.3	11508	13	2597	14	14577								
1L_23530_3E5	D10S1248	13	3489	14	15564	15	5558	16	13757								
1L_23530_3E5	D13S317	8	1531	9	796	10	877	12	2027	13	15114	14	12306				
1L_23530_3E5	Penta E	7	12923	10	1317	11	2343	12	2258	13	10400						
1L_23530_3E5	D16S539	10	21887	11	24152	12	3626	13	1846								
1L_23530_3E5	D18S51	10	1698	14	32284	15	1887	16	1869	17	1196	18	2341				
1L_23530_3E5	D2S1338	17	1464	18	665	19	616	20	1494	23	13079	24	11941				
1L_23530_3E5	CSF1PO	9	1523	10	10003	11	1976	12	10097								
1L_23530_3E5	Penta D	9	13352	10	653	12	14743										
1L_23530_3E5	TH01	6	1195	8	556	9.3	22039										
1L_23530_3E5	vWA	14	1686	16	3026	17	11581	18	10330								
1L_23530_3E5	D21S11	29	908	30	4463	30.2	925	31	23033	31.2	778						
1L_23530_3E5	D7S820	8	711	10	10133	11	8747	13	562								
1L_23530_3E5	D5S818	10	10075	11	11784	12	1472	13	472								
1L_23530_3E5	TPOX	8	526	11	14434												
1L_23530_3E5	D8S1179	10	775	12	11896	13	11499	14	414								
1L_23530_3E5	D12S391	16	1066	18	3749	21	14547	22	14357	23	1542						
1L_23530_3E5	D19S433	13	11568	13.2	8576	14	822	14.2	309	15	1075	15.2	707				
1L_23530_3E5	SE33	19	1008	21	355	25.2	325	29.2	2418	30.2	12779						
1L_23530_3E5	D22S1045	11	4780	15	2206	16	5073	17	777								
1L_23530_3E5	DYS391	10	19988	11	1109												
1L_23530_3E5	FGA	19	21195	20	1831	22	20969										
1L_23530_3E5	DYS576	16	13406	17	793												
1L_23530_3E5	DYS570	17	6062	18	1784	20	1059										
2L_15697_3E5	AMEL	X	15697	Y	18157												
2L_15697_3E5	D3S1358	14	15693	15	850	16	2849	18	2922	19	12680						
2L_15697_3E5	D1S1656	12	1493	13	10418	15	12230	16	1935	17	578						
2L_15697_3E5	D2S441	11	675	11.3	10354	13	2383	14	9925								
2L_15697_3E5	D10S1248	13	1371	14	9447	15	3618	16	8303								
2L_15697_3E5	D13S317	8	858	9	978	10	390	12	1807	13	12789	14	10961				
2L_15697_3E5	Penta E	7	10113	10	772	11	944	12	1695	13	7746						
2L_15697_3E5	D16S539	10	15303	11	12515	12	2137	13	1729								
2L_15697_3E5	D18S51	10	866	14	25446	15	1189	16	916	18	1349						
2L_15697_3E5	D2S1338	17	1081	18	812	19	275	20	634	23	9450	24	7439				
2L_15697_3E5	CSF1PO	9	1322	10	7253	11	1662	12	6341								
2L_15697_3E5	Penta D	9	7423	10	1153	12	7085	13	301								
2L_15697_3E5	TH01	6	1429	7	1764	9.3	20614										
2L_15697_3E5	vWA	14	1843	16	2561	17	9516	18	9338	18.3	217						
2L_15697_3E5	D21S11	29	1086	30	3136	30.2	767	31	17666	31.2	739						
2L_15697_3E5	D7S820	8	646	10	10142	11	7592	13	517								
2L_15697_3E5	D5S818	10	9354	11	9659	12	512	13	438								
2L_15697_3E5	TPOX	8	977	11	11038												
2L_15697_3E5	D8S1179	10	1563	12	12355	13	9719	14	572								
2L_15697_3E5	D12S391	16	505	18	2438	21	13398	22	10209	23	589						
2L_15697_3E5	D19S433	11	519	13	9239	13.2	9075	14	1118	14.2	258	15	586	15.2	416		
2L_15697_3E5	SE33	19	506	25.2	293	28.2	529	29.2	2330	30.2	12224						
2L_15697_3E5	D22S1045	11	4686	15	1504	16	4916	17	804								
2L_15697_3E5	DYS391	10	14287	11	543												
2L_15697_3E5	FGA	18	2090	19	15438	20	944	22	14338								
2L_15697_3E5	DYS576	16	8484	17	535												
2L_15697_3E5	DYS570	17	6029	18	1269	20	291										
